75
1	 24	 1584	 1660	 45	 62
2	 10	 922	 1002	 33	 92
3	 61	 1052	 1056	 73	 92
4	 68	 1102	 1130	 26	 43
5	 94	 2344	 2416	 48	 55
6	 49	 3508	 3570	 48	 83
7	 62	 1031	 1063	 15	 30
8	 43	 2370	 2386	 22	 28
9	 7	 4007	 4023	 15	 27
10	 45	 1932	 1998	 62	 95
11	 20	 1899	 1927	 31	 87
12	 46	 3755	 3779	 87	 97
13	 69	 3403	 3423	 18	 25
14	 16	 2112	 2120	 17	 32
15	 23	 4033	 4037	 23	 43
16	 47	 3069	 3075	 33	 64
17	 4	 3801	 3837	 54	 93
18	 50	 2857	 2873	 76	 98
19	 58	 3976	 4016	 5	 32
20	 32	 770	 832	 18	 69
21	 90	 2182	 2206	 18	 58
22	 6	 2930	 3000	 34	 99
23	 27	 3961	 3989	 42	 99
24	 83	 976	 1020	 66	 99
25	 53	 1930	 1940	 18	 26
26	 85	 3997	 4051	 8	 56
27	 89	 1189	 1263	 65	 75
28	 96	 4161	 4185	 88	 98
29	 72	 3332	 3396	 12	 72
30	 5	 3475	 3521	 29	 55
31	 8	 2284	 2358	 52	 92
32	 71	 2093	 2165	 31	 48
33	 11	 2795	 2799	 21	 37
34	 12	 777	 835	 30	 42
35	 51	 3825	 3891	 28	 41
36	 48	 1881	 1921	 48	 92
37	 91	 1231	 1271	 10	 24
38	 49	 1742	 1790	 11	 20
39	 21	 3661	 3665	 15	 53
40	 47	 3915	 3917	 30	 66
41	 67	 1976	 2024	 22	 68
42	 37	 763	 835	 49	 84
43	 26	 4423	 4437	 11	 42
44	 76	 1419	 1465	 0	 35
45	 73	 3654	 3710	 13	 26
46	 98	 3609	 3693	 10	 26
47	 9	 1215	 1277	 13	 54
48	 44	 984	 1028	 2	 27
49	 59	 4130	 4204	 3	 49
50	 6	 2068	 2070	 33	 48
51	 26	 909	 943	 13	 61
52	 36	 1585	 1601	 1	 40
53	 32	 3615	 3679	 3	 28
54	 71	 1342	 1394	 40	 50
55	 6	 3931	 3981	 41	 57
56	 12	 3915	 3953	 26	 34
57	 41	 1618	 1624	 54	 56
58	 45	 3766	 3800	 66	 67
59	 94	 3959	 3993	 69	 82
60	 39	 2861	 2877	 16	 52
61	 34	 2052	 2062	 7	 25
62	 39	 837	 911	 5	 26
63	 21	 3093	 3105	 31	 33
64	 10	 2286	 2312	 32	 47
65	 4	 2020	 2040	 29	 47
66	 28	 4249	 4283	 2	 31
67	 77	 3858	 3866	 56	 82
68	 40	 1946	 1996	 12	 89
69	 5	 3434	 3446	 28	 76
70	 5	 764	 786	 8	 58
71	 2	 3869	 3881	 37	 78
72	 41	 3647	 3677	 22	 98
73	 34	 3469	 3511	 23	 25
74	 74	 2247	 2253	 15	 27
75	 37	 1750	 1764	 22	 51
0	26	23	26	40	12	4	4	26	9	20	28	20	44	8	21	13	31	38	44	22	23	20	43	32	39	7	5	7	0	5	43	44	5	13	5	5	21	41	35	38	38	37	38	22	10	17	47	14	17	42	4	11	34	11	32	6	30	28	38	23	41	39	26	34	4	2	9	1	8	13	17	0	10	44
26	0	12	8	39	24	19	28	36	11	7	26	27	49	14	14	42	12	16	12	41	6	24	18	32	14	0	17	5	32	24	37	29	8	34	33	11	13	43	0	14	2	0	14	38	7	17	39	26	44	38	26	32	38	39	34	8	27	21	24	48	10	12	38	16	22	37	40	10	40	25	2	23	21	1
23	12	0	13	7	10	26	20	15	13	6	34	40	24	47	34	2	39	25	30	23	17	48	39	26	13	41	34	3	13	2	3	37	24	9	40	26	23	20	41	26	0	25	6	8	30	2	4	38	7	7	37	26	33	31	13	41	18	33	6	28	30	33	43	30	14	11	49	8	9	40	4	49	21	12
26	8	13	0	6	46	3	1	3	42	11	4	49	35	27	37	13	22	10	28	25	34	15	28	39	22	22	1	30	11	8	18	12	20	23	41	48	31	7	4	21	29	5	40	10	3	6	32	29	41	47	38	8	17	36	39	11	26	9	38	5	17	49	46	13	32	5	5	36	32	21	10	1	35	12
40	39	7	6	0	47	22	1	20	37	2	10	12	18	13	1	24	16	24	4	45	0	16	47	3	37	24	6	33	38	19	25	14	24	21	43	7	20	10	42	39	3	12	29	16	44	19	17	42	22	9	4	48	33	3	40	44	14	19	13	9	48	43	17	22	17	3	48	43	33	9	12	26	21	0
12	24	10	46	47	0	38	25	8	24	3	4	35	41	27	9	42	44	43	7	9	10	8	39	13	28	12	49	1	12	21	17	20	39	14	45	16	38	47	25	49	17	14	40	13	43	4	18	1	30	11	43	7	36	22	40	24	15	38	7	3	7	36	40	13	1	20	40	5	40	48	44	11	24	14
4	19	26	3	22	38	0	3	6	10	27	3	39	30	39	6	9	22	13	34	32	21	7	10	4	34	9	17	40	38	44	1	7	40	2	46	9	36	4	24	15	13	3	39	39	20	15	19	31	27	23	4	18	17	29	21	5	34	6	3	10	46	36	5	5	12	23	3	14	2	25	21	9	9	4
4	28	20	1	1	25	3	0	10	16	48	25	25	43	30	6	29	10	44	33	39	8	20	16	37	3	31	8	1	0	21	35	32	6	23	47	44	47	46	45	30	12	11	10	1	23	35	23	19	45	44	0	31	38	48	9	48	23	31	22	33	40	27	35	26	24	21	8	20	28	22	29	26	33	20
26	36	15	3	20	8	6	10	0	32	40	26	16	25	42	5	5	15	14	27	0	16	42	1	14	14	4	22	38	10	38	32	26	13	26	16	48	42	16	16	33	2	42	46	12	37	3	26	43	13	49	9	34	10	49	13	5	6	4	7	17	35	37	9	36	7	47	16	46	10	42	16	30	40	2
9	11	13	42	37	24	10	16	32	0	8	20	47	47	34	15	2	38	10	40	19	45	49	0	37	19	9	45	3	5	30	11	12	29	40	21	20	39	5	18	35	9	33	22	7	24	47	13	30	11	1	39	7	41	18	27	20	45	32	4	9	37	14	5	1	33	30	22	45	47	20	45	27	13	30
20	7	6	11	2	3	27	48	40	8	0	21	49	28	30	30	48	17	49	3	33	30	17	44	8	22	17	18	29	21	21	36	24	7	29	6	2	28	6	12	44	35	17	43	31	47	6	15	49	2	37	38	21	15	13	49	14	38	46	40	4	27	22	42	2	33	42	30	9	4	34	1	14	41	23
28	26	34	4	10	4	3	25	26	20	21	0	46	0	26	31	35	4	6	47	46	34	9	36	20	35	32	3	25	6	22	49	8	33	0	6	4	26	1	16	45	5	5	36	21	15	33	26	15	9	36	8	6	38	14	48	29	24	40	12	22	41	15	23	27	35	28	5	1	20	14	0	15	18	11
20	27	40	49	12	35	39	25	16	47	49	46	0	47	42	41	41	48	39	11	8	16	7	1	47	34	23	26	1	32	2	35	39	17	44	43	16	10	43	38	26	29	28	13	37	25	45	31	16	9	5	47	34	38	18	25	22	4	46	37	28	48	4	19	24	12	11	42	1	2	30	49	11	33	5
44	49	24	35	18	41	30	43	25	47	28	0	47	0	2	17	39	11	37	15	0	28	43	16	9	13	39	49	0	22	40	49	49	26	43	2	48	45	22	8	17	2	0	48	10	7	48	6	8	11	29	49	2	48	25	4	47	45	48	13	26	49	34	24	0	28	42	33	4	0	11	19	8	40	23
8	14	47	27	13	27	39	30	42	34	30	26	42	2	0	16	18	36	12	35	45	39	47	38	2	9	14	20	5	9	6	44	38	25	33	43	8	25	6	42	29	38	13	17	22	10	15	14	36	4	5	1	24	0	11	21	1	24	1	20	26	4	49	48	35	27	16	25	4	5	7	31	28	12	48
21	14	34	37	1	9	6	6	5	15	30	31	41	17	16	0	12	4	39	36	2	18	38	40	24	7	44	34	41	21	45	15	44	4	18	33	20	2	3	47	12	46	1	7	42	36	11	43	42	12	33	21	17	38	1	42	17	44	7	25	2	1	33	30	13	41	4	4	10	49	29	44	8	3	23
13	42	2	13	24	42	9	29	5	2	48	35	41	39	18	12	0	25	8	30	35	23	6	23	18	46	48	24	4	33	21	13	10	38	34	22	30	12	17	19	5	29	24	5	12	20	24	42	18	29	33	1	7	49	3	49	11	28	28	36	34	10	6	19	15	32	38	21	12	25	3	10	38	26	47
31	12	39	22	16	44	22	10	15	38	17	4	48	11	36	4	25	0	42	26	40	14	17	21	44	8	7	41	28	35	44	36	49	9	40	0	6	46	12	4	7	42	34	23	33	10	2	25	29	47	3	11	7	4	24	11	48	46	8	6	28	21	26	16	37	25	41	1	21	18	34	20	18	49	26
38	16	25	10	24	43	13	44	14	10	49	6	39	37	12	39	8	42	0	18	28	31	42	11	7	12	13	49	41	34	9	13	23	7	45	25	47	36	5	29	12	3	25	23	21	4	13	10	19	14	3	10	0	42	35	27	8	34	45	27	40	15	33	18	29	23	17	8	8	19	12	32	3	32	47
44	12	30	28	4	7	34	33	27	40	3	47	11	15	35	36	30	26	18	0	31	7	0	43	8	36	27	38	34	20	35	36	41	21	34	13	4	9	5	6	32	15	43	44	8	32	16	41	7	27	7	3	9	32	44	38	6	10	12	25	45	31	3	34	32	49	37	23	38	49	23	29	4	5	42
22	41	23	25	45	9	32	39	0	19	33	46	8	0	45	2	35	40	28	31	0	20	10	9	13	44	30	16	22	43	48	6	3	4	3	34	40	34	39	28	23	8	48	45	35	40	30	15	12	9	38	16	41	24	16	42	4	20	8	5	31	10	11	46	39	2	23	22	40	8	42	19	29	20	11
23	6	17	34	0	10	21	8	16	45	30	34	16	28	39	18	23	14	31	7	20	0	38	16	6	4	5	39	5	13	29	42	42	40	3	34	31	36	19	17	13	8	7	12	0	27	44	8	5	17	23	25	3	14	37	5	10	28	2	27	5	30	4	8	12	0	46	6	13	37	15	6	16	6	15
20	24	48	15	16	8	7	20	42	49	17	9	7	43	47	38	6	17	42	0	10	38	0	29	2	2	44	15	0	2	31	9	49	23	10	20	39	37	3	18	21	9	10	46	33	16	6	30	42	43	42	30	22	33	23	22	30	29	1	46	44	36	15	19	12	7	18	8	24	9	16	5	24	38	40
43	18	39	28	47	39	10	16	1	0	44	36	1	16	38	40	23	21	11	43	9	16	29	0	14	20	28	5	13	9	0	18	32	44	32	1	10	10	3	8	43	29	2	0	34	13	4	12	6	18	3	3	40	25	0	47	12	47	48	34	42	29	28	10	20	28	34	35	24	7	27	31	15	25	8
32	32	26	39	3	13	4	37	14	37	8	20	47	9	2	24	18	44	7	8	13	6	2	14	0	14	16	37	0	29	3	49	37	2	12	27	7	29	44	8	28	43	0	25	15	29	26	39	3	37	22	46	0	26	14	48	13	47	2	5	6	4	6	9	17	8	9	6	3	37	28	32	16	23	33
39	14	13	22	37	28	34	3	14	19	22	35	34	13	9	7	46	8	12	36	44	4	2	20	14	0	3	1	6	40	28	24	4	13	17	28	3	1	19	40	12	35	14	34	49	0	39	13	30	12	12	0	27	27	36	46	42	49	19	15	20	33	43	36	8	15	48	2	26	6	4	11	37	11	12
7	0	41	22	24	12	9	31	4	9	17	32	23	39	14	44	48	7	13	27	30	5	44	28	16	3	0	47	23	49	36	20	45	33	16	44	36	9	41	14	43	6	17	22	12	6	12	21	5	13	17	14	19	12	5	14	1	13	7	42	7	21	4	29	22	38	26	3	44	47	6	39	1	16	8
5	17	34	1	6	49	17	8	22	45	18	3	26	49	20	34	24	41	49	38	16	39	15	5	37	1	47	0	17	3	16	26	3	24	8	43	10	6	10	46	40	18	22	3	15	5	36	41	4	16	14	18	30	3	9	20	45	30	32	6	36	2	14	25	32	25	35	8	46	43	2	10	15	42	27
7	5	3	30	33	1	40	1	38	3	29	25	1	0	5	41	4	28	41	34	22	5	0	13	0	6	23	17	0	28	44	13	46	2	41	8	6	37	40	1	18	16	33	47	44	5	46	30	3	22	13	38	31	13	6	8	7	40	2	10	49	12	2	3	22	43	44	27	47	35	25	31	9	9	14
0	32	13	11	38	12	38	0	10	5	21	6	32	22	9	21	33	35	34	20	43	13	2	9	29	40	49	3	28	0	46	13	20	34	18	28	48	48	21	18	40	23	22	7	0	33	4	35	8	42	19	8	26	1	32	7	10	46	47	38	16	25	0	46	23	10	28	16	28	4	6	22	42	6	17
5	24	2	8	19	21	44	21	38	30	21	22	2	40	6	45	21	44	9	35	48	29	31	0	3	28	36	16	44	46	0	6	49	44	14	44	3	6	44	25	34	17	37	10	37	4	45	3	3	49	14	30	10	41	37	16	20	33	8	22	2	30	17	41	12	48	25	9	23	37	48	4	8	45	36
43	37	3	18	25	17	1	35	32	11	36	49	35	49	44	15	13	36	13	36	6	42	9	18	49	24	20	26	13	13	6	0	44	22	37	3	22	36	46	10	28	17	36	31	20	23	47	0	5	7	11	16	36	44	5	31	10	12	2	30	34	19	3	36	39	14	43	34	5	23	46	4	9	9	24
44	29	37	12	14	20	7	32	26	12	24	8	39	49	38	44	10	49	23	41	3	42	49	32	37	4	45	3	46	20	49	44	0	48	32	34	5	19	34	1	34	14	4	45	0	40	8	9	40	35	12	43	1	32	10	13	39	34	3	40	10	32	15	49	12	37	15	17	10	18	30	13	30	18	15
5	8	24	20	24	39	40	6	13	29	7	33	17	26	25	4	38	9	7	21	4	40	23	44	2	13	33	24	2	34	44	22	48	0	38	9	9	48	45	38	4	41	40	13	26	41	22	27	4	39	41	43	20	6	42	31	27	48	16	48	49	48	14	39	5	29	36	11	46	41	5	49	44	36	18
13	34	9	23	21	14	2	23	26	40	29	0	44	43	33	18	34	40	45	34	3	3	10	32	12	17	16	8	41	18	14	37	32	38	0	0	5	10	44	47	19	1	21	10	37	41	7	48	18	9	46	10	38	39	41	22	4	41	49	36	43	0	9	8	14	27	15	7	45	48	46	47	29	17	42
5	33	40	41	43	45	46	47	16	21	6	6	43	2	43	33	22	0	25	13	34	34	20	1	27	28	44	43	8	28	44	3	34	9	0	0	16	27	31	12	19	43	25	35	24	17	34	4	25	35	11	3	46	10	12	37	33	14	22	36	32	5	45	32	10	8	13	28	38	22	28	47	37	43	48
5	11	26	48	7	16	9	44	48	20	2	4	16	48	8	20	30	6	47	4	40	31	39	10	7	3	36	10	6	48	3	22	5	9	5	16	0	6	7	9	32	49	17	1	25	18	29	20	17	26	38	25	5	16	22	46	19	30	9	10	9	3	4	15	43	15	14	23	8	46	42	19	6	0	28
21	13	23	31	20	38	36	47	42	39	28	26	10	45	25	2	12	46	36	9	34	36	37	10	29	1	9	6	37	48	6	36	19	48	10	27	6	0	7	22	20	41	36	38	44	7	49	46	12	46	41	4	3	38	1	37	10	6	3	39	10	42	23	23	8	20	49	24	0	8	4	35	18	23	13
41	43	20	7	10	47	4	46	16	5	6	1	43	22	6	3	17	12	5	5	39	19	3	3	44	19	41	10	40	21	44	46	34	45	44	31	7	7	0	17	22	35	7	13	37	1	33	5	28	30	48	17	3	28	43	17	12	31	32	0	24	8	37	12	38	6	36	13	32	1	43	49	11	1	4
35	0	41	4	42	25	24	45	16	18	12	16	38	8	42	47	19	4	29	6	28	17	18	8	8	40	14	46	1	18	25	10	1	38	47	12	9	22	17	0	29	18	8	36	33	37	11	7	23	2	39	25	44	12	37	3	34	3	18	7	30	7	27	37	7	15	28	1	13	4	26	42	0	16	2
38	14	26	21	39	49	15	30	33	35	44	45	26	17	29	12	5	7	12	32	23	13	21	43	28	12	43	40	18	40	34	28	34	4	19	19	32	20	22	29	0	22	1	33	28	5	23	44	13	1	5	21	35	17	35	12	11	31	35	35	0	7	18	39	48	16	29	37	44	36	25	44	44	18	30
38	2	0	29	3	17	13	12	2	9	35	5	29	2	38	46	29	42	3	15	8	8	9	29	43	35	6	18	16	23	17	17	14	41	1	43	49	41	35	18	22	0	40	17	43	24	5	29	39	11	12	35	48	27	10	11	9	25	25	11	6	13	18	28	33	19	10	41	37	47	39	16	20	0	21
37	0	25	5	12	14	3	11	42	33	17	5	28	0	13	1	24	34	25	43	48	7	10	2	0	14	17	22	33	22	37	36	4	40	21	25	17	36	7	8	1	40	0	10	18	25	25	1	24	35	0	7	7	25	26	11	28	26	12	10	16	8	33	20	42	45	49	22	5	7	47	28	31	14	41
38	14	6	40	29	40	39	10	46	22	43	36	13	48	17	7	5	23	23	44	45	12	46	0	25	34	22	3	47	7	10	31	45	13	10	35	1	38	13	36	33	17	10	0	16	32	30	35	40	36	5	6	44	48	43	6	8	15	6	40	9	31	20	3	47	13	28	26	1	10	13	41	17	1	22
22	38	8	10	16	13	39	1	12	7	31	21	37	10	22	42	12	33	21	8	35	0	33	34	15	49	12	15	44	0	37	20	0	26	37	24	25	44	37	33	28	43	18	16	0	28	18	0	12	7	4	23	46	40	26	5	28	36	21	36	18	31	2	39	46	4	19	40	15	12	20	23	4	20	5
10	7	30	3	44	43	20	23	37	24	47	15	25	7	10	36	20	10	4	32	40	27	16	13	29	0	6	5	5	33	4	23	40	41	41	17	18	7	1	37	5	24	25	32	28	0	32	26	18	46	3	37	3	5	36	4	15	8	23	21	14	2	46	0	5	46	41	29	2	10	4	22	34	19	22
17	17	2	6	19	4	15	35	3	47	6	33	45	48	15	11	24	2	13	16	30	44	6	4	26	39	12	36	46	4	45	47	8	22	7	34	29	49	33	11	23	5	25	30	18	32	0	44	45	38	41	26	36	32	2	14	18	17	8	34	17	16	12	25	26	0	13	36	36	35	44	33	46	31	9
47	39	4	32	17	18	19	23	26	13	15	26	31	6	14	43	42	25	10	41	15	8	30	12	39	13	21	41	30	35	3	0	9	27	48	4	20	46	5	7	44	29	1	35	0	26	44	0	38	15	45	30	9	17	7	35	21	40	9	41	44	2	6	18	1	16	5	18	10	14	41	4	41	1	15
14	26	38	29	42	1	31	19	43	30	49	15	16	8	36	42	18	29	19	7	12	5	42	6	3	30	5	4	3	8	3	5	40	4	18	25	17	12	28	23	13	39	24	40	12	18	45	38	0	5	25	22	4	19	23	0	19	49	41	11	33	43	6	20	30	0	5	48	6	40	24	49	48	4	18
17	44	7	41	22	30	27	45	13	11	2	9	9	11	4	12	29	47	14	27	9	17	43	18	37	12	13	16	22	42	49	7	35	39	9	35	26	46	30	2	1	11	35	36	7	46	38	15	5	0	27	46	34	27	20	33	6	42	0	3	46	42	25	46	17	0	21	32	43	10	31	20	8	8	41
42	38	7	47	9	11	23	44	49	1	37	36	5	29	5	33	33	3	3	7	38	23	42	3	22	12	17	14	13	19	14	11	12	41	46	11	38	41	48	39	5	12	0	5	4	3	41	45	25	27	0	7	17	12	26	2	6	5	27	29	11	46	10	28	10	22	29	17	48	21	7	29	43	22	6
4	26	37	38	4	43	4	0	9	39	38	8	47	49	1	21	1	11	10	3	16	25	30	3	46	0	14	18	38	8	30	16	43	43	10	3	25	4	17	25	21	35	7	6	23	37	26	30	22	46	7	0	2	40	45	27	5	25	29	8	20	10	8	36	40	27	0	9	18	45	39	40	41	31	44
11	32	26	8	48	7	18	31	34	7	21	6	34	2	24	17	7	7	0	9	41	3	22	40	0	27	19	30	31	26	10	36	1	20	38	46	5	3	3	44	35	48	7	44	46	3	36	9	4	34	17	2	0	31	26	30	46	7	11	29	34	3	40	18	28	12	10	6	2	15	40	17	13	13	1
34	38	33	17	33	36	17	38	10	41	15	38	38	48	0	38	49	4	42	32	24	14	33	25	26	27	12	3	13	1	41	44	32	6	39	10	16	38	28	12	17	27	25	48	40	5	32	17	19	27	12	40	31	0	31	28	14	45	32	13	34	11	6	2	34	39	35	32	19	17	1	31	34	26	12
11	39	31	36	3	22	29	48	49	18	13	14	18	25	11	1	3	24	35	44	16	37	23	0	14	36	5	9	6	32	37	5	10	42	41	12	22	1	43	37	35	10	26	43	26	36	2	7	23	20	26	45	26	31	0	29	4	25	17	48	29	1	28	38	39	5	46	6	40	13	14	40	38	5	5
32	34	13	39	40	40	21	9	13	27	49	48	25	4	21	42	49	11	27	38	42	5	22	47	48	46	14	20	8	7	16	31	13	31	22	37	46	37	17	3	12	11	11	6	5	4	14	35	0	33	2	27	30	28	29	0	20	27	0	7	3	13	11	40	49	27	3	14	8	24	31	28	27	20	48
6	8	41	11	44	24	5	48	5	20	14	29	22	47	1	17	11	48	8	6	4	10	30	12	13	42	1	45	7	10	20	10	39	27	4	33	19	10	12	34	11	9	28	8	28	15	18	21	19	6	6	5	46	14	4	20	0	40	48	24	5	37	3	17	31	11	7	25	8	19	3	46	7	2	45
30	27	18	26	14	15	34	23	6	45	38	24	4	45	24	44	28	46	34	10	20	28	29	47	47	49	13	30	40	46	33	12	34	48	41	14	30	6	31	3	31	25	26	15	36	8	17	40	49	42	5	25	7	45	25	27	40	0	47	23	8	39	21	24	10	19	0	3	43	25	16	17	15	43	29
28	21	33	9	19	38	6	31	4	32	46	40	46	48	1	7	28	8	45	12	8	2	1	48	2	19	7	32	2	47	8	2	3	16	49	22	9	3	32	18	35	25	12	6	21	23	8	9	41	0	27	29	11	32	17	0	48	47	0	41	46	4	15	9	4	31	49	1	14	3	48	19	9	17	11
38	24	6	38	13	7	3	22	7	4	40	12	37	13	20	25	36	6	27	25	5	27	46	34	5	15	42	6	10	38	22	30	40	48	36	36	10	39	0	7	35	11	10	40	36	21	34	41	11	3	29	8	29	13	48	7	24	23	41	0	12	26	1	12	26	17	14	6	21	27	49	4	2	23	40
23	48	28	5	9	3	10	33	17	9	4	22	28	26	26	2	34	28	40	45	31	5	44	42	6	20	7	36	49	16	2	34	10	49	43	32	9	10	24	30	0	6	16	9	18	14	17	44	33	46	11	20	34	34	29	3	5	8	46	12	0	0	25	0	41	20	16	33	21	4	31	13	10	22	22
41	10	30	17	48	7	46	40	35	37	27	41	48	49	4	1	10	21	15	31	10	30	36	29	4	33	21	2	12	25	30	19	32	48	0	5	3	42	8	7	7	13	8	31	31	2	16	2	43	42	46	10	3	11	1	13	37	39	4	26	0	0	46	27	5	29	9	47	26	27	3	42	22	6	13
39	12	33	49	43	36	36	27	37	14	22	15	4	34	49	33	6	26	33	3	11	4	15	28	6	43	4	14	2	0	17	3	15	14	9	45	4	23	37	27	18	18	33	20	2	46	12	6	6	25	10	8	40	6	28	11	3	21	15	1	25	46	0	31	13	24	19	49	18	43	13	36	37	14	21
26	38	43	46	17	40	5	35	9	5	42	23	19	24	48	30	19	16	18	34	46	8	19	10	9	36	29	25	3	46	41	36	49	39	8	32	15	23	12	37	39	28	20	3	39	0	25	18	20	46	28	36	18	2	38	40	17	24	9	12	0	27	31	0	13	25	41	10	5	5	14	17	6	1	9
34	16	30	13	22	13	5	26	36	1	2	27	24	0	35	13	15	37	29	32	39	12	12	20	17	8	22	32	22	23	12	39	12	5	14	10	43	8	38	7	48	33	42	47	46	5	26	1	30	17	10	40	28	34	39	49	31	10	4	26	41	5	13	13	0	36	19	1	14	17	40	7	26	1	12
4	22	14	32	17	1	12	24	7	33	33	35	12	28	27	41	32	25	23	49	2	0	7	28	8	15	38	25	43	10	48	14	37	29	27	8	15	20	6	15	16	19	45	13	4	46	0	16	0	0	22	27	12	39	5	27	11	19	31	17	20	29	24	25	36	0	37	27	27	11	2	42	32	27	35
2	37	11	5	3	20	23	21	47	30	42	28	11	42	16	4	38	41	17	37	23	46	18	34	9	48	26	35	44	28	25	43	15	36	15	13	14	49	36	28	29	10	49	28	19	41	13	5	5	21	29	0	10	35	46	3	7	0	49	14	16	9	19	41	19	37	0	10	17	42	2	47	40	38	28
9	40	49	5	48	40	3	8	16	22	30	5	42	33	25	4	21	1	8	23	22	6	8	35	6	2	3	8	27	16	9	34	17	11	7	28	23	24	13	1	37	41	22	26	40	29	36	18	48	32	17	9	6	32	6	14	25	3	1	6	33	47	49	10	1	27	10	0	23	34	0	33	22	0	35
1	10	8	36	43	5	14	20	46	45	9	1	1	4	4	10	12	21	8	38	40	13	24	24	3	26	44	46	47	28	23	5	10	46	45	38	8	0	32	13	44	37	5	1	15	2	36	10	6	43	48	18	2	19	40	8	8	43	14	21	21	26	18	5	14	27	17	23	0	22	38	19	2	2	44
8	40	9	32	33	40	2	28	10	47	4	20	2	0	5	49	25	18	19	49	8	37	9	7	37	6	47	43	35	4	37	23	18	41	48	22	46	8	1	4	36	47	7	10	12	10	35	14	40	10	21	45	15	17	13	24	19	25	3	27	4	27	43	5	17	11	42	34	22	0	41	34	3	43	13
13	25	40	21	9	48	25	22	42	20	34	14	30	11	7	29	3	34	12	23	42	15	16	27	28	4	6	2	25	6	48	46	30	5	46	28	42	4	43	26	25	39	47	13	20	4	44	41	24	31	7	39	40	1	14	31	3	16	48	49	31	3	13	14	40	2	2	0	38	41	0	43	44	30	27
17	2	4	10	12	44	21	29	16	45	1	0	49	19	31	44	10	20	32	29	19	6	5	31	32	11	39	10	31	22	4	4	13	49	47	47	19	35	49	42	44	16	28	41	23	22	33	4	49	20	29	40	17	31	40	28	46	17	19	4	13	42	36	17	7	42	47	33	19	34	43	0	13	39	2
0	23	49	1	26	11	9	26	30	27	14	15	11	8	28	8	38	18	3	4	29	16	24	15	16	37	1	15	9	42	8	9	30	44	29	37	6	18	11	0	44	20	31	17	4	34	46	41	48	8	43	41	13	34	38	27	7	15	9	2	10	22	37	6	26	32	40	22	2	3	44	13	0	42	27
10	21	21	35	21	24	9	33	40	13	41	18	33	40	12	3	26	49	32	5	20	6	38	25	23	11	16	42	9	6	45	9	18	36	17	43	0	23	1	16	18	0	14	1	20	19	31	1	4	8	22	31	13	26	5	20	2	43	17	23	22	6	14	1	1	27	38	0	2	43	30	39	42	0	30
44	1	12	12	0	14	4	20	2	30	23	11	5	23	48	23	47	26	47	42	11	15	40	8	33	12	8	27	14	17	36	24	15	18	42	48	28	13	4	2	30	21	41	22	5	22	9	15	18	41	6	44	1	12	5	48	45	29	11	40	22	13	21	9	12	35	28	35	44	13	27	2	27	30	0
