75
1	 26	 1569	 1645	 2	 46
2	 81	 2786	 2818	 75	 77
3	 95	 1029	 1049	 5	 94
4	 85	 3180	 3230	 55	 87
5	 19	 2375	 2411	 49	 62
6	 23	 1333	 1363	 2	 38
7	 88	 2769	 2795	 10	 36
8	 10	 1686	 1758	 59	 64
9	 64	 2935	 2987	 7	 42
10	 36	 2880	 2920	 54	 92
11	 23	 1550	 1560	 20	 25
12	 70	 2268	 2310	 8	 24
13	 74	 2086	 2088	 6	 26
14	 100	 1845	 1877	 13	 73
15	 43	 2352	 2412	 5	 26
16	 2	 1381	 1383	 62	 100
17	 49	 2670	 2672	 2	 37
18	 28	 1655	 1683	 1	 71
19	 45	 1335	 1353	 45	 79
20	 10	 2198	 2256	 5	 25
21	 7	 1954	 1964	 26	 87
22	 7	 916	 954	 25	 64
23	 94	 1945	 2009	 9	 38
24	 45	 2931	 3013	 13	 55
25	 11	 1238	 1306	 45	 59
26	 12	 1251	 1287	 42	 50
27	 86	 709	 733	 8	 29
28	 66	 2063	 2103	 59	 95
29	 8	 1391	 1453	 23	 24
30	 25	 865	 953	 0	 41
31	 14	 2962	 3022	 64	 69
32	 2	 1815	 1819	 21	 25
33	 6	 2684	 2770	 51	 97
34	 90	 1840	 1908	 12	 61
35	 5	 2580	 2640	 7	 82
36	 88	 2333	 2419	 30	 33
37	 16	 3149	 3151	 13	 50
38	 69	 1225	 1315	 48	 79
39	 63	 2691	 2743	 33	 78
40	 38	 2578	 2586	 3	 32
41	 47	 3027	 3071	 14	 35
42	 87	 3160	 3174	 65	 73
43	 75	 856	 890	 25	 99
44	 18	 755	 757	 33	 69
45	 61	 2621	 2651	 4	 26
46	 15	 1693	 1741	 20	 58
47	 68	 2243	 2257	 3	 23
48	 72	 1754	 1798	 14	 85
49	 78	 1624	 1670	 16	 57
50	 58	 2786	 2842	 20	 37
51	 88	 2202	 2260	 1	 26
52	 40	 2565	 2607	 4	 28
53	 59	 2845	 2929	 48	 79
54	 26	 2118	 2124	 19	 61
55	 89	 799	 819	 26	 29
56	 22	 1984	 1988	 66	 74
57	 22	 1265	 1311	 48	 54
58	 11	 2203	 2287	 10	 77
59	 1	 2286	 2338	 12	 73
60	 89	 2028	 2052	 13	 75
61	 9	 1521	 1531	 9	 26
62	 44	 2814	 2848	 4	 43
63	 3	 1371	 1413	 40	 66
64	 49	 2957	 2973	 2	 54
65	 100	 2085	 2145	 0	 27
66	 40	 2627	 2713	 31	 38
67	 69	 3095	 3131	 6	 80
68	 1	 2785	 2823	 10	 30
69	 51	 1646	 1678	 43	 60
70	 81	 802	 818	 15	 64
71	 89	 3344	 3426	 20	 87
72	 20	 2694	 2700	 26	 39
73	 58	 2071	 2081	 2	 26
74	 74	 1200	 1234	 58	 89
75	 12	 2559	 2561	 84	 89
0	34	34	22	8	16	44	42	44	19	24	10	30	2	47	34	13	10	36	24	19	44	27	31	21	26	49	18	37	2	43	17	29	49	11	12	14	0	43	27	23	38	18	7	25	10	43	36	44	8	35	29	14	44	42	16	42	10	3	14	6	29	29	41	5	9	43	31	26	14	34	11	16	30	34
34	0	21	41	1	12	8	33	29	3	24	14	37	44	46	34	10	35	33	32	12	7	39	40	8	33	45	9	46	32	41	13	10	9	10	14	38	2	12	4	7	49	49	3	28	31	7	29	46	7	21	8	31	34	38	1	12	30	10	34	29	1	40	9	33	3	31	37	44	40	11	46	5	32	5
34	21	0	5	1	36	39	15	47	26	27	31	31	34	21	22	0	41	21	0	29	14	30	16	49	3	42	46	29	32	0	44	8	24	27	30	10	45	44	25	37	7	46	34	28	1	27	29	36	33	14	47	6	43	41	6	12	41	2	12	4	5	28	42	48	26	44	29	6	2	41	41	3	23	7
22	41	5	0	33	13	6	6	22	8	13	18	3	21	38	4	0	0	35	43	28	2	3	7	31	29	37	40	7	33	12	17	41	38	23	8	15	27	5	27	25	36	45	34	8	16	21	19	5	1	19	2	47	20	11	46	5	18	34	12	26	5	24	47	1	28	5	8	48	23	3	37	11	30	28
8	1	1	33	0	12	44	11	46	26	32	48	39	29	41	24	13	26	3	42	13	5	7	46	16	42	8	44	49	18	4	37	9	15	33	15	14	18	44	29	29	45	0	45	8	37	48	4	1	31	10	4	21	28	36	49	15	22	23	41	30	10	4	12	20	10	31	7	21	40	11	33	33	16	46
16	12	36	13	12	0	2	19	47	38	19	30	9	12	29	34	12	1	25	39	3	46	14	2	3	6	20	13	49	18	4	15	0	35	48	27	4	42	21	28	33	8	32	25	38	18	10	43	42	0	18	41	1	40	15	13	32	18	22	42	2	44	34	46	5	19	17	34	17	44	24	12	39	33	3
44	8	39	6	44	2	0	18	49	31	14	21	48	46	31	22	30	3	41	15	20	45	17	46	0	38	40	4	20	17	7	47	25	45	31	6	0	24	4	36	48	14	3	21	21	34	16	45	7	7	39	14	45	10	12	3	9	6	17	21	11	17	44	24	13	5	34	8	42	23	19	22	43	40	35
42	33	15	6	11	19	18	0	2	39	12	36	49	16	34	33	42	17	8	18	36	8	20	48	47	2	3	20	26	12	46	49	10	13	5	11	35	46	27	38	12	24	11	28	45	12	3	9	5	7	18	15	25	23	42	49	35	42	11	13	4	23	44	6	17	38	9	9	13	22	27	39	2	46	24
44	29	47	22	46	47	49	2	0	9	19	28	32	44	1	39	3	32	46	33	29	28	26	25	11	3	41	32	31	12	42	21	4	9	30	48	13	34	35	35	5	22	6	28	48	46	21	29	10	44	17	49	3	20	28	2	9	29	27	39	24	46	29	5	31	13	28	37	34	7	12	19	49	23	11
19	3	26	8	26	38	31	39	9	0	38	28	16	33	27	31	37	45	35	28	42	30	14	11	36	8	39	11	37	45	41	12	14	28	7	44	8	34	22	42	2	13	29	10	2	36	7	3	4	5	46	3	4	37	0	29	39	26	21	2	29	28	0	49	17	5	33	17	18	22	4	45	19	16	13
24	24	27	13	32	19	14	12	19	38	0	6	39	13	15	35	39	3	16	38	16	32	7	43	28	32	13	42	35	3	9	32	48	30	49	7	46	40	37	0	4	3	27	13	21	10	3	43	43	8	30	37	42	2	45	3	4	32	20	41	41	9	36	47	45	47	33	5	41	12	1	21	13	44	33
10	14	31	18	48	30	21	36	28	28	6	0	14	48	13	49	31	32	3	40	33	28	13	23	3	46	40	35	17	36	43	43	4	18	13	17	18	49	10	9	4	45	17	6	13	15	25	5	30	32	27	43	9	3	4	0	37	6	11	22	10	38	13	7	26	41	48	23	16	36	24	9	42	42	37
30	37	31	3	39	9	48	49	32	16	39	14	0	5	48	3	6	47	29	42	42	17	27	0	2	18	11	46	7	14	11	5	1	32	20	15	39	34	43	17	38	24	46	33	26	34	6	12	37	2	31	30	34	25	26	4	0	4	14	48	45	27	41	44	44	4	2	43	6	28	9	18	11	25	12
2	44	34	21	29	12	46	16	44	33	13	48	5	0	10	44	18	23	14	49	41	14	32	49	13	15	43	20	24	2	11	27	33	17	28	34	5	23	39	24	39	24	26	32	42	11	47	2	5	2	49	11	33	20	26	14	25	30	16	19	20	2	20	1	15	36	35	37	9	47	46	45	1	1	4
47	46	21	38	41	29	31	34	1	27	15	13	48	10	0	15	36	1	37	39	5	47	8	30	39	2	1	39	5	7	21	33	19	31	4	3	16	10	1	8	49	3	31	5	28	29	4	36	37	27	30	26	10	20	3	5	37	8	23	9	20	14	23	41	31	24	20	40	49	36	6	37	6	44	17
34	34	22	4	24	34	22	33	39	31	35	49	3	44	15	0	9	5	8	34	19	6	40	14	3	3	38	49	26	6	14	41	6	31	0	42	13	33	12	42	43	23	30	43	42	41	21	47	31	16	0	21	40	9	41	9	46	43	41	37	13	18	7	33	1	9	11	1	22	1	38	29	43	10	1
13	10	0	0	13	12	30	42	3	37	39	31	6	18	36	9	0	48	11	6	40	46	29	1	47	2	5	23	18	47	37	22	37	7	37	6	16	49	24	24	46	18	26	8	23	10	19	16	35	29	0	16	21	6	36	0	5	17	42	47	2	33	20	37	1	15	29	0	28	35	11	5	46	10	38
10	35	41	0	26	1	3	17	32	45	3	32	47	23	1	5	48	0	10	21	12	37	32	28	4	28	39	48	8	8	5	8	24	21	30	38	36	15	22	4	8	28	3	32	0	23	8	17	0	6	19	1	7	1	32	14	34	47	37	18	25	29	40	37	8	6	44	47	14	25	49	44	38	36	37
36	33	21	35	3	25	41	8	46	35	16	3	29	14	37	8	11	10	0	25	5	27	29	17	43	8	41	23	41	5	27	9	13	11	19	3	5	47	48	22	37	16	26	49	14	22	2	8	9	4	36	42	40	29	5	34	28	31	37	5	25	6	4	39	41	10	37	44	36	17	48	0	20	48	7
24	32	0	43	42	39	15	18	33	28	38	40	42	49	39	34	6	21	25	0	33	32	24	11	24	5	26	34	27	8	42	46	15	26	18	14	46	37	9	20	18	18	30	1	0	42	42	36	12	14	48	0	11	5	19	46	20	46	7	4	0	11	13	49	26	42	12	3	9	26	8	30	4	0	7
19	12	29	28	13	3	20	36	29	42	16	33	42	41	5	19	40	12	5	33	0	18	40	33	7	23	18	11	33	26	7	32	46	3	38	18	9	21	3	27	8	7	27	47	17	6	28	9	8	9	2	24	34	48	36	3	39	1	28	42	32	48	31	19	45	35	13	46	8	17	4	40	44	7	2
44	7	14	2	5	46	45	8	28	30	32	28	17	14	47	6	46	37	27	32	18	0	15	23	30	25	12	25	33	19	13	11	30	42	6	15	0	17	3	4	11	12	11	25	28	43	4	19	4	16	15	28	40	33	36	12	11	1	49	16	43	36	27	37	21	31	22	43	12	47	38	47	0	17	12
27	39	30	3	7	14	17	20	26	14	7	13	27	32	8	40	29	32	29	24	40	15	0	3	32	45	33	3	26	13	24	6	35	18	20	26	47	38	18	28	21	19	32	28	25	7	40	26	1	12	34	14	28	21	33	18	13	32	22	20	20	30	30	44	11	40	41	29	17	43	17	39	4	23	37
31	40	16	7	46	2	46	48	25	11	43	23	0	49	30	14	1	28	17	11	33	23	3	0	41	33	12	48	4	2	13	25	41	34	12	11	27	8	5	41	0	39	3	3	49	11	14	18	23	44	41	35	31	28	8	5	13	11	37	4	3	48	5	25	0	32	39	1	11	37	10	13	5	0	16
21	8	49	31	16	3	0	47	11	36	28	3	2	13	39	3	47	4	43	24	7	30	32	41	0	35	1	2	38	10	48	44	34	45	9	49	42	9	25	24	39	8	21	31	44	13	48	15	37	37	48	46	3	6	44	19	42	17	4	3	7	43	45	46	46	35	42	42	1	18	38	46	44	34	5
26	33	3	29	42	6	38	2	3	8	32	46	18	15	2	3	2	28	8	5	23	25	45	33	35	0	38	43	3	0	9	35	25	29	16	47	10	43	10	1	11	7	42	7	28	42	18	43	6	49	11	31	10	25	7	14	46	6	18	32	49	8	14	17	5	21	10	41	34	6	22	24	26	18	26
49	45	42	37	8	20	40	3	41	39	13	40	11	43	1	38	5	39	41	26	18	12	33	12	1	38	0	17	28	13	0	29	7	26	8	8	9	27	38	8	20	7	24	44	20	18	3	25	41	20	30	11	12	34	20	3	18	45	6	10	11	42	47	47	22	2	38	13	22	25	25	46	10	8	12
18	9	46	40	44	13	4	20	32	11	42	35	46	20	39	49	23	48	23	34	11	25	3	48	2	43	17	0	42	46	0	6	26	25	19	4	23	2	4	3	19	17	34	6	11	33	32	34	4	4	11	48	13	48	16	16	0	27	9	12	1	21	43	29	7	20	42	25	38	28	8	32	42	34	30
37	46	29	7	49	49	20	26	31	37	35	17	7	24	5	26	18	8	41	27	33	33	26	4	38	3	28	42	0	22	15	49	8	35	31	9	7	12	46	43	6	1	41	0	1	1	22	22	9	42	19	1	30	0	49	29	19	18	44	37	16	17	6	12	10	45	25	42	42	36	49	35	26	21	48
2	32	32	33	18	18	17	12	12	45	3	36	14	2	7	6	47	8	5	8	26	19	13	2	10	0	13	46	22	0	21	19	39	11	25	1	12	35	32	20	49	41	41	8	12	48	4	5	5	27	28	10	3	46	4	24	21	5	9	1	39	22	47	32	48	34	25	37	3	29	20	2	3	14	10
43	41	0	12	4	4	7	46	42	41	9	43	11	11	21	14	37	5	27	42	7	13	24	13	48	9	0	0	15	21	0	1	26	39	49	38	1	47	31	11	15	9	29	4	48	44	8	12	47	40	9	13	15	36	43	12	33	41	30	18	29	20	16	6	37	38	6	49	9	1	28	19	28	32	19
17	13	44	17	37	15	47	49	21	12	32	43	5	27	33	41	22	8	9	46	32	11	6	25	44	35	29	6	49	19	1	0	11	27	11	13	21	36	11	19	37	32	2	33	36	34	26	10	29	20	20	12	19	2	42	33	37	24	37	35	8	36	23	4	36	2	9	38	14	8	42	10	25	25	10
29	10	8	41	9	0	25	10	4	14	48	4	1	33	19	6	37	24	13	15	46	30	35	41	34	25	7	26	8	39	26	11	0	25	34	21	3	25	15	46	28	26	4	28	22	7	20	12	11	13	4	8	26	25	16	5	42	25	44	21	18	26	34	46	13	17	7	37	28	28	4	19	40	13	9
49	9	24	38	15	35	45	13	9	28	30	18	32	17	31	31	7	21	11	26	3	42	18	34	45	29	26	25	35	11	39	27	25	0	12	21	42	26	31	36	34	31	23	1	44	10	10	13	5	11	24	1	25	6	9	24	10	17	24	46	10	48	48	39	42	46	38	5	28	35	44	38	13	49	22
11	10	27	23	33	48	31	5	30	7	49	13	20	28	4	0	37	30	19	18	38	6	20	12	9	16	8	19	31	25	49	11	34	12	0	8	47	6	4	36	40	31	28	29	38	28	3	38	4	1	43	11	14	48	25	23	17	19	37	4	28	33	12	31	30	23	7	8	23	11	3	46	42	31	22
12	14	30	8	15	27	6	11	48	44	7	17	15	34	3	42	6	38	3	14	18	15	26	11	49	47	8	4	9	1	38	13	21	21	8	0	7	38	43	7	46	29	0	24	37	42	32	31	9	22	35	28	22	7	25	27	15	25	43	39	13	19	14	17	17	4	24	48	41	49	32	31	39	29	23
14	38	10	15	14	4	0	35	13	8	46	18	39	5	16	13	16	36	5	46	9	0	47	27	42	10	9	23	7	12	1	21	3	42	47	7	0	18	33	46	9	46	22	13	12	3	22	27	25	7	10	21	27	45	11	6	12	49	29	25	8	30	30	37	32	43	2	25	35	9	10	20	2	36	34
0	2	45	27	18	42	24	46	34	34	40	49	34	23	10	33	49	15	47	37	21	17	38	8	9	43	27	2	12	35	47	36	25	26	6	38	18	0	18	3	26	44	2	0	20	22	18	28	17	47	45	48	25	10	2	12	25	41	4	1	43	19	42	31	39	28	16	0	15	38	43	41	3	35	36
43	12	44	5	44	21	4	27	35	22	37	10	43	39	1	12	24	22	48	9	3	3	18	5	25	10	38	4	46	32	31	11	15	31	4	43	33	18	0	28	8	30	2	20	2	4	6	47	22	46	3	36	20	18	16	34	0	32	15	10	17	8	31	13	33	12	8	39	31	27	27	9	41	13	0
27	4	25	27	29	28	36	38	35	42	0	9	17	24	8	42	24	4	22	20	27	4	28	41	24	1	8	3	43	20	11	19	46	36	36	7	46	3	28	0	39	8	31	45	26	10	30	43	22	11	26	12	47	43	10	12	38	24	7	46	31	30	9	28	18	10	28	24	0	20	45	42	48	13	1
23	7	37	25	29	33	48	12	5	2	4	4	38	39	49	43	46	8	37	18	8	11	21	0	39	11	20	19	6	49	15	37	28	34	40	46	9	26	8	39	0	48	25	47	34	17	35	42	34	11	7	48	31	6	41	44	23	9	30	48	35	18	2	37	38	14	19	9	22	45	2	22	2	2	18
38	49	7	36	45	8	14	24	22	13	3	45	24	24	3	23	18	28	16	18	7	12	19	39	8	7	7	17	1	41	9	32	26	31	31	29	46	44	30	8	48	0	43	5	13	31	11	40	12	16	48	8	10	8	9	25	7	24	33	26	12	4	42	5	0	48	2	11	12	23	3	34	23	23	23
18	49	46	45	0	32	3	11	6	29	27	17	46	26	31	30	26	3	26	30	27	11	32	3	21	42	24	34	41	41	29	2	4	23	28	0	22	2	2	31	25	43	0	20	13	18	6	30	2	46	5	5	13	32	20	25	31	12	23	40	38	41	42	37	32	7	3	11	2	39	14	14	0	21	12
7	3	34	34	45	25	21	28	28	10	13	6	33	32	5	43	8	32	49	1	47	25	28	3	31	7	44	6	0	8	4	33	28	1	29	24	13	0	20	45	47	5	20	0	28	34	22	27	5	16	40	1	24	10	3	48	25	17	27	42	44	38	7	31	1	0	14	29	13	17	1	4	29	29	1
25	28	28	8	8	38	21	45	48	2	21	13	26	42	28	42	23	0	14	0	17	28	25	49	44	28	20	11	1	12	48	36	22	44	38	37	12	20	2	26	34	13	13	28	0	24	49	12	4	12	33	39	12	1	33	33	18	36	48	28	33	43	7	13	3	24	48	36	8	2	16	38	5	25	26
10	31	1	16	37	18	34	12	46	36	10	15	34	11	29	41	10	23	22	42	6	43	7	11	13	42	18	33	1	48	44	34	7	10	28	42	3	22	4	10	17	31	18	34	24	0	23	33	45	4	1	49	8	22	1	2	13	23	9	26	37	28	8	43	27	6	43	35	16	3	7	18	28	12	16
43	7	27	21	48	10	16	3	21	7	3	25	6	47	4	21	19	8	2	42	28	4	40	14	48	18	3	32	22	4	8	26	20	10	3	32	22	18	6	30	35	11	6	22	49	23	0	24	49	5	18	36	26	40	0	43	5	24	11	11	33	19	44	17	10	4	6	37	30	22	31	1	39	1	7
36	29	29	19	4	43	45	9	29	3	43	5	12	2	36	47	16	17	8	36	9	19	26	18	15	43	25	34	22	5	12	10	12	13	38	31	27	28	47	43	42	40	30	27	12	33	24	0	14	4	49	6	9	45	41	0	35	40	35	26	9	45	47	22	26	23	26	0	36	20	31	30	14	27	34
44	46	36	5	1	42	7	5	10	4	43	30	37	5	37	31	35	0	9	12	8	4	1	23	37	6	41	4	9	5	47	29	11	5	4	9	25	17	22	22	34	12	2	5	4	45	49	14	0	26	16	46	1	30	5	24	18	12	19	1	43	40	35	2	15	10	47	40	7	30	43	35	19	20	47
8	7	33	1	31	0	7	7	44	5	8	32	2	2	27	16	29	6	4	14	9	16	12	44	37	49	20	4	42	27	40	20	13	11	1	22	7	47	46	11	11	16	46	16	12	4	5	4	26	0	12	3	3	34	21	25	2	38	14	28	27	18	31	41	13	4	34	39	3	21	12	18	17	45	37
35	21	14	19	10	18	39	18	17	46	30	27	31	49	30	0	0	19	36	48	2	15	34	41	48	11	30	11	19	28	9	20	4	24	43	35	10	45	3	26	7	48	5	40	33	1	18	49	16	12	0	17	1	44	15	6	30	48	15	20	4	1	2	48	25	29	37	28	1	8	20	34	0	18	14
29	8	47	2	4	41	14	15	49	3	37	43	30	11	26	21	16	1	42	0	24	28	14	35	46	31	11	48	1	10	13	12	8	1	11	28	21	48	36	12	48	8	5	1	39	49	36	6	46	3	17	0	30	14	33	28	41	32	32	41	1	49	39	11	31	7	38	39	29	29	39	12	35	46	40
14	31	6	47	21	1	45	25	3	4	42	9	34	33	10	40	21	7	40	11	34	40	28	31	3	10	12	13	30	3	15	19	26	25	14	22	27	25	20	47	31	10	13	24	12	8	26	9	1	3	1	30	0	35	27	1	32	17	5	39	13	35	38	18	48	45	48	19	29	21	9	39	4	37	22
44	34	43	20	28	40	10	23	20	37	2	3	25	20	20	9	6	1	29	5	48	33	21	28	6	25	34	48	0	46	36	2	25	6	48	7	45	10	18	43	6	8	32	10	1	22	40	45	30	34	44	14	35	0	37	36	40	32	21	39	37	0	31	15	45	33	2	9	9	34	28	3	32	26	46
42	38	41	11	36	15	12	42	28	0	45	4	26	26	3	41	36	32	5	19	36	36	33	8	44	7	20	16	49	4	43	42	16	9	25	25	11	2	16	10	41	9	20	3	33	1	0	41	5	21	15	33	27	37	0	14	12	5	7	42	42	8	10	16	22	32	10	22	23	27	8	11	2	48	11
16	1	6	46	49	13	3	49	2	29	3	0	4	14	5	9	0	14	34	46	3	12	18	5	19	14	3	16	29	24	12	33	5	24	23	27	6	12	34	12	44	25	25	48	33	2	43	0	24	25	6	28	1	36	14	0	2	36	12	7	16	13	38	29	38	12	8	42	18	0	20	36	9	7	20
42	12	12	5	15	32	9	35	9	39	4	37	0	25	37	46	5	34	28	20	39	11	13	13	42	46	18	0	19	21	33	37	42	10	17	15	12	25	0	38	23	7	31	25	18	13	5	35	18	2	30	41	32	40	12	2	0	28	10	11	13	1	3	8	41	30	21	20	11	49	16	41	38	42	18
10	30	41	18	22	18	6	42	29	26	32	6	4	30	8	43	17	47	31	46	1	1	32	11	17	6	45	27	18	5	41	24	25	17	19	25	49	41	32	24	9	24	12	17	36	23	24	40	12	38	48	32	17	32	5	36	28	0	10	17	32	25	38	30	36	3	18	21	35	18	4	23	34	3	19
3	10	2	34	23	22	17	11	27	21	20	11	14	16	23	41	42	37	37	7	28	49	22	37	4	18	6	9	44	9	30	37	44	24	37	43	29	4	15	7	30	33	23	27	48	9	11	35	19	14	15	32	5	21	7	12	10	10	0	9	19	46	19	32	20	16	27	26	40	46	8	15	27	10	46
14	34	12	12	41	42	21	13	39	2	41	22	48	19	9	37	47	18	5	4	42	16	20	4	3	32	10	12	37	1	18	35	21	46	4	39	25	1	10	46	48	26	40	42	28	26	11	26	1	28	20	41	39	39	42	7	11	17	9	0	17	44	15	30	36	0	27	45	17	44	15	47	44	25	48
6	29	4	26	30	2	11	4	24	29	41	10	45	20	20	13	2	25	25	0	32	43	20	3	7	49	11	1	16	39	29	8	18	10	28	13	8	43	17	31	35	12	38	44	33	37	33	9	43	27	4	1	13	37	42	16	13	32	19	17	0	10	32	21	30	24	24	20	2	5	4	29	35	15	10
29	1	5	5	10	44	17	23	46	28	9	38	27	2	14	18	33	29	6	11	48	36	30	48	43	8	42	21	17	22	20	36	26	48	33	19	30	19	8	30	18	4	41	38	43	28	19	45	40	18	1	49	35	0	8	13	1	25	46	44	10	0	10	4	17	16	19	19	41	3	20	46	25	48	7
29	40	28	24	4	34	44	44	29	0	36	13	41	20	23	7	20	40	4	13	31	27	30	5	45	14	47	43	6	47	16	23	34	48	12	14	30	42	31	9	2	42	42	7	7	8	44	47	35	31	2	39	38	31	10	38	3	38	19	15	32	10	0	43	10	22	23	1	19	2	8	14	10	39	13
41	9	42	47	12	46	24	6	5	49	47	7	44	1	41	33	37	37	39	49	19	37	44	25	46	17	47	29	12	32	6	4	46	39	31	17	37	31	13	28	37	5	37	31	13	43	17	22	2	41	48	11	18	15	16	29	8	30	32	30	21	4	43	0	8	44	1	22	43	34	22	3	9	4	25
5	33	48	1	20	5	13	17	31	17	45	26	44	15	31	1	1	8	41	26	45	21	11	0	46	5	22	7	10	48	37	36	13	42	30	17	32	39	33	18	38	0	32	1	3	27	10	26	15	13	25	31	48	45	22	38	41	36	20	36	30	17	10	8	0	4	11	10	2	42	39	49	43	3	21
9	3	26	28	10	19	5	38	13	5	47	41	4	36	24	9	15	6	10	42	35	31	40	32	35	21	2	20	45	34	38	2	17	46	23	4	43	28	12	10	14	48	7	0	24	6	4	23	10	4	29	7	45	33	32	12	30	3	16	0	24	16	22	44	4	0	6	39	23	46	6	6	3	0	1
43	31	44	5	31	17	34	9	28	33	33	48	2	35	20	11	29	44	37	12	13	22	41	39	42	10	38	42	25	25	6	9	7	38	7	24	2	16	8	28	19	2	3	14	48	43	6	26	47	34	37	38	48	2	10	8	21	18	27	27	24	19	23	1	11	6	0	25	38	33	16	26	11	24	1
31	37	29	8	7	34	8	9	37	17	5	23	43	37	40	1	0	47	44	3	46	43	29	1	42	41	13	25	42	37	49	38	37	5	8	48	25	0	39	24	9	11	11	29	36	35	37	0	40	39	28	39	19	9	22	42	20	21	26	45	20	19	1	22	10	39	25	0	27	11	44	9	11	35	36
26	44	6	48	21	17	42	13	34	18	41	16	6	9	49	22	28	14	36	9	8	12	17	11	1	34	22	38	42	3	9	14	28	28	23	41	35	15	31	0	22	12	2	13	8	16	30	36	7	3	1	29	29	9	23	18	11	35	40	17	2	41	19	43	2	23	38	27	0	23	33	46	18	35	47
14	40	2	23	40	44	23	22	7	22	12	36	28	47	36	1	35	25	17	26	17	47	43	37	18	6	25	28	36	29	1	8	28	35	11	49	9	38	27	20	45	23	39	17	2	3	22	20	30	21	8	29	21	34	27	0	49	18	46	44	5	3	2	34	42	46	33	11	23	0	14	30	18	4	12
34	11	41	3	11	24	19	27	12	4	1	24	9	46	6	38	11	49	48	8	4	38	17	10	38	22	25	8	49	20	28	42	4	44	3	32	10	43	27	45	2	3	14	1	16	7	31	31	43	12	20	39	9	28	8	20	16	4	8	15	4	20	8	22	39	6	16	44	33	14	0	21	25	19	6
11	46	41	37	33	12	22	39	19	45	21	9	18	45	37	29	5	44	0	30	40	47	39	13	46	24	46	32	35	2	19	10	19	38	46	31	20	41	9	42	22	34	14	4	38	18	1	30	35	18	34	12	39	3	11	36	41	23	15	47	29	46	14	3	49	6	26	9	46	30	21	0	8	10	26
16	5	3	11	33	39	43	2	49	19	13	42	11	1	6	43	46	38	20	4	44	0	4	5	44	26	10	42	26	3	28	25	40	13	42	39	2	3	41	48	2	23	0	29	5	28	39	14	19	17	0	35	4	32	2	9	38	34	27	44	35	25	10	9	43	3	11	11	18	18	25	8	0	8	18
30	32	23	30	16	33	40	46	23	16	44	42	25	1	44	10	10	36	48	0	7	17	23	0	34	18	8	34	21	14	32	25	13	49	31	29	36	35	13	13	2	23	21	29	25	12	1	27	20	45	18	46	37	26	48	7	42	3	10	25	15	48	39	4	3	0	24	35	35	4	19	10	8	0	32
34	5	7	28	46	3	35	24	11	13	33	37	12	4	17	1	38	37	7	7	2	12	37	16	5	26	12	30	48	10	19	10	9	22	22	23	34	36	0	1	18	23	12	1	26	16	7	34	47	37	14	40	22	46	11	20	18	19	46	48	10	7	13	25	21	1	1	36	47	12	6	26	18	32	0
