75
1	 23	 1724	 1744	 83	 89
2	 10	 3045	 3065	 29	 58
3	 55	 2891	 2917	 35	 48
4	 10	 3030	 3108	 81	 99
5	 43	 4470	 4490	 14	 92
6	 20	 3580	 3598	 38	 54
7	 49	 4274	 4278	 52	 74
8	 65	 3345	 3361	 37	 74
9	 90	 4415	 4497	 34	 37
10	 79	 3931	 3977	 19	 21
11	 40	 2283	 2291	 27	 97
12	 66	 3427	 3443	 19	 69
13	 47	 4058	 4070	 85	 86
14	 4	 3318	 3412	 34	 84
15	 56	 2673	 2759	 22	 97
16	 55	 3849	 3909	 29	 85
17	 36	 4251	 4301	 36	 37
18	 8	 3609	 3667	 9	 79
19	 82	 2274	 2352	 0	 32
20	 28	 2313	 2325	 38	 39
21	 95	 3396	 3442	 4	 67
22	 76	 4054	 4118	 20	 91
23	 14	 2936	 2980	 46	 75
24	 13	 3319	 3349	 39	 98
25	 53	 1504	 1552	 23	 94
26	 97	 2957	 3027	 38	 50
27	 35	 4029	 4043	 14	 25
28	 62	 2833	 2851	 41	 73
29	 22	 1544	 1622	 19	 96
30	 42	 1770	 1826	 53	 59
31	 24	 4034	 4046	 3	 51
32	 68	 2934	 2942	 8	 53
33	 57	 3148	 3174	 54	 60
34	 7	 1852	 1922	 19	 70
35	 42	 4082	 4116	 7	 83
36	 49	 2567	 2581	 11	 20
37	 70	 1782	 1790	 28	 39
38	 86	 1670	 1738	 47	 74
39	 38	 4145	 4213	 50	 78
40	 25	 1972	 2058	 65	 84
41	 52	 2023	 2061	 62	 73
42	 28	 2816	 2862	 1	 94
43	 97	 3523	 3623	 14	 52
44	 32	 1623	 1717	 36	 49
45	 58	 2068	 2070	 27	 36
46	 36	 1579	 1665	 10	 34
47	 14	 3903	 3927	 23	 36
48	 86	 4114	 4174	 27	 36
49	 18	 1742	 1810	 1	 46
50	 96	 2630	 2668	 80	 100
51	 33	 4221	 4309	 76	 78
52	 8	 1853	 1869	 40	 41
53	 20	 1598	 1660	 26	 62
54	 88	 3824	 3830	 48	 92
55	 87	 2424	 2430	 13	 79
56	 22	 2246	 2312	 63	 77
57	 19	 2001	 2027	 2	 27
58	 65	 4347	 4401	 15	 50
59	 55	 2325	 2361	 12	 39
60	 92	 1903	 1965	 20	 61
61	 78	 4258	 4318	 28	 32
62	 38	 2135	 2185	 22	 23
63	 88	 3672	 3686	 53	 72
64	 75	 2573	 2643	 12	 63
65	 52	 4082	 4124	 10	 37
66	 48	 2282	 2360	 23	 34
67	 97	 3988	 4036	 21	 22
68	 47	 4198	 4204	 75	 92
69	 86	 4417	 4469	 22	 98
70	 47	 2542	 2562	 20	 64
71	 95	 2876	 2900	 25	 28
72	 14	 1784	 1850	 13	 42
73	 54	 2695	 2743	 40	 44
74	 56	 1667	 1705	 39	 78
75	 32	 2113	 2151	 73	 89
0	9	26	22	18	3	7	0	23	48	9	13	4	19	29	7	5	1	1	40	23	47	15	26	26	45	5	22	2	7	7	13	23	25	24	12	14	29	2	46	36	30	4	46	22	37	11	40	23	15	5	31	27	9	45	7	39	10	36	42	21	12	44	0	48	30	1	44	15	29	6	34	28	21	11
9	0	23	29	4	30	31	12	41	26	44	9	29	3	20	26	4	19	13	16	33	45	34	38	27	23	10	34	30	9	35	17	33	44	45	19	10	18	11	17	3	42	34	5	27	9	4	1	9	0	37	21	18	12	13	5	14	46	31	41	48	31	12	1	21	5	28	36	45	22	0	34	2	11	11
26	23	0	34	43	46	20	20	29	27	3	12	22	40	20	13	34	47	40	37	30	45	10	35	2	17	37	17	38	13	46	9	25	28	11	11	33	8	7	36	1	4	31	37	5	23	2	30	46	49	9	15	6	35	17	38	7	4	37	23	42	21	2	5	4	5	47	25	12	22	16	17	46	5	26
22	29	34	0	33	16	17	23	15	4	46	5	12	42	43	7	24	3	46	33	16	31	13	28	5	41	11	48	1	7	16	33	6	31	37	3	45	16	3	28	30	9	21	37	48	5	46	30	7	15	6	49	0	44	12	7	7	27	20	3	42	24	22	15	37	1	31	6	35	42	20	45	16	13	28
18	4	43	33	0	34	8	6	24	31	2	8	35	2	16	13	21	1	42	28	42	37	3	2	13	44	4	28	7	26	9	15	34	17	42	21	1	21	43	20	5	23	29	5	12	49	5	4	5	48	12	47	36	29	1	43	49	40	14	8	25	4	22	8	38	40	7	8	32	1	17	36	32	2	18
3	30	46	16	34	0	3	30	11	45	27	34	40	33	32	2	27	8	6	23	22	4	1	33	20	47	6	4	10	24	38	45	33	35	39	43	30	14	19	48	1	3	19	4	43	10	30	49	11	11	44	48	45	47	18	28	3	7	13	37	0	20	3	48	33	28	13	5	39	39	45	37	19	22	34
7	31	20	17	8	3	0	13	3	10	21	20	1	6	32	26	25	11	5	7	26	6	3	28	14	6	8	34	24	45	0	35	45	19	24	21	2	39	36	18	29	37	10	45	11	38	10	10	16	7	31	3	0	29	18	1	13	10	30	30	2	2	14	10	0	9	25	11	0	41	3	48	24	40	10
0	12	20	23	6	30	13	0	16	44	12	19	3	20	18	19	27	47	27	36	29	2	43	1	4	31	23	2	5	30	12	46	13	5	17	10	32	31	45	42	0	32	14	18	43	16	0	2	31	0	26	17	15	21	45	49	8	29	18	43	15	35	27	20	31	14	38	31	14	25	44	40	45	43	10
23	41	29	15	24	11	3	16	0	13	35	45	23	6	13	12	33	8	4	26	32	37	3	23	10	31	21	13	12	1	41	33	14	36	17	21	30	34	1	21	7	33	10	49	28	35	17	26	48	34	27	17	21	36	13	33	27	9	12	1	3	33	14	45	9	45	37	48	48	17	12	16	22	38	24
48	26	27	4	31	45	10	44	13	0	23	45	40	7	31	31	31	5	6	42	12	48	23	13	15	48	13	11	2	19	37	24	34	37	2	30	32	37	3	43	27	28	37	20	6	26	18	9	12	25	37	1	19	2	11	19	48	2	30	2	21	15	25	9	49	34	12	14	43	11	15	13	30	35	10
9	44	3	46	2	27	21	12	35	23	0	15	7	0	37	26	26	30	0	29	47	12	33	16	26	12	22	19	40	19	6	7	11	18	17	20	2	17	33	4	30	0	42	3	34	0	19	10	28	29	7	34	3	11	34	6	47	1	35	35	25	11	43	21	30	8	3	30	42	16	16	36	34	33	17
13	9	12	5	8	34	20	19	45	45	15	0	19	42	37	0	37	2	8	2	10	30	3	43	49	46	22	25	17	6	8	12	1	32	6	48	44	13	8	17	1	30	7	32	3	31	12	14	5	14	33	7	18	7	4	9	36	42	45	15	27	27	41	30	27	44	25	30	20	0	5	17	1	22	20
4	29	22	12	35	40	1	3	23	40	7	19	0	38	32	28	19	21	10	3	48	7	2	9	40	14	12	15	37	16	24	12	21	34	21	48	17	2	3	13	37	39	25	44	43	11	44	9	43	25	32	45	48	21	28	1	44	16	47	23	37	0	25	11	43	45	16	49	13	28	6	36	46	12	26
19	3	40	42	2	33	6	20	6	7	0	42	38	0	39	48	12	30	24	42	17	11	49	20	28	21	11	31	13	13	37	49	2	5	2	15	1	36	5	33	14	2	42	19	9	7	33	34	3	6	45	39	25	34	47	24	1	1	31	48	26	13	3	33	48	49	47	32	33	42	42	30	25	2	37
29	20	20	43	16	32	32	18	13	31	37	37	32	39	0	27	24	32	8	3	43	0	27	43	23	19	32	11	16	49	30	28	41	0	43	33	11	7	26	21	34	3	38	4	49	43	36	2	16	11	36	16	45	19	32	7	43	19	18	10	38	12	45	26	19	1	47	23	31	8	43	48	1	33	25
7	26	13	7	13	2	26	19	12	31	26	0	28	48	27	0	8	3	1	14	39	11	38	32	34	4	12	23	27	11	16	35	18	11	4	4	44	37	6	11	20	26	19	29	8	15	21	47	3	29	18	1	36	11	44	37	30	48	21	18	40	36	45	48	35	11	46	36	48	42	8	24	25	35	44
5	4	34	24	21	27	25	27	33	31	26	37	19	12	24	8	0	34	11	39	34	15	6	6	13	3	24	27	48	39	14	1	7	11	37	29	20	25	2	23	42	31	31	0	29	44	33	27	5	45	49	47	35	36	24	9	2	13	30	3	22	14	22	1	49	0	28	15	28	31	17	15	17	39	1
1	19	47	3	1	8	11	47	8	5	30	2	21	30	32	3	34	0	44	22	1	37	0	9	32	35	29	22	16	23	34	9	8	33	19	6	15	42	14	20	2	7	12	41	6	0	48	13	43	39	18	36	47	18	26	19	23	37	8	24	20	44	0	5	3	2	32	47	35	30	8	24	34	43	32
1	13	40	46	42	6	5	27	4	6	0	8	10	24	8	1	11	44	0	36	41	0	13	22	4	20	27	44	41	36	37	25	10	27	7	31	22	43	30	7	8	38	10	19	26	13	26	38	0	27	16	36	41	39	44	41	44	34	0	42	43	13	29	4	45	44	40	37	39	36	9	11	3	11	45
40	16	37	33	28	23	7	36	26	42	29	2	3	42	3	14	39	22	36	0	39	46	13	48	6	29	13	2	25	35	12	15	5	48	47	21	6	12	18	24	47	2	6	43	22	47	19	23	40	42	21	44	9	42	30	23	27	34	45	2	25	38	40	40	47	42	8	30	1	34	46	14	38	21	6
23	33	30	16	42	22	26	29	32	12	47	10	48	17	43	39	34	1	41	39	0	1	36	37	34	7	32	14	36	8	10	7	32	1	39	1	18	28	2	5	44	0	1	8	19	5	3	24	43	49	2	14	16	32	49	13	20	37	0	8	11	39	29	14	8	20	25	21	33	1	34	38	35	9	31
47	45	45	31	37	4	6	2	37	48	12	30	7	11	0	11	15	37	0	46	1	0	30	47	11	8	23	24	19	7	43	8	10	3	25	37	28	11	8	27	15	21	20	18	11	20	20	15	28	45	5	14	5	6	32	32	5	10	44	25	35	16	27	25	35	27	27	28	31	21	29	0	10	36	11
15	34	10	13	3	1	3	43	3	23	33	3	2	49	27	38	6	0	13	13	36	30	0	12	31	18	37	18	7	15	1	24	2	2	9	2	38	32	28	48	32	11	2	13	30	0	43	0	8	1	15	17	40	7	17	21	24	10	48	45	29	46	16	15	29	25	34	48	33	23	48	27	9	20	13
26	38	35	28	2	33	28	1	23	13	16	43	9	20	43	32	6	9	22	48	37	47	12	0	10	26	30	33	32	41	11	3	30	23	26	13	11	18	13	15	25	0	16	0	9	0	25	34	49	14	28	48	18	25	13	45	6	37	35	39	32	12	40	3	43	29	18	6	27	5	36	49	32	2	8
26	27	2	5	13	20	14	4	10	15	26	49	40	28	23	34	13	32	4	6	34	11	31	10	0	19	25	23	49	22	39	30	2	29	25	3	5	20	5	32	8	37	44	13	17	18	3	35	43	6	28	19	3	29	18	44	28	24	2	11	34	46	26	21	40	1	4	17	17	1	31	25	39	45	49
45	23	17	41	44	47	6	31	31	48	12	46	14	21	19	4	3	35	20	29	7	8	18	26	19	0	45	16	41	15	42	12	44	33	13	45	33	38	29	6	2	15	38	27	4	32	47	19	34	22	2	3	7	16	1	32	31	39	46	5	43	20	25	7	12	36	13	19	17	24	8	29	1	15	44
5	10	37	11	4	6	8	23	21	13	22	22	12	11	32	12	24	29	27	13	32	23	37	30	25	45	0	40	19	16	2	17	8	7	49	31	36	2	33	42	2	16	6	13	18	21	43	47	35	23	26	18	47	43	12	30	49	42	3	31	7	37	46	29	26	16	15	5	20	34	29	18	24	4	31
22	34	17	48	28	4	34	2	13	11	19	25	15	31	11	23	27	22	44	2	14	24	18	33	23	16	40	0	25	36	22	17	30	33	7	25	12	30	16	12	13	1	20	6	36	21	40	38	30	38	2	45	24	35	29	21	40	0	48	45	14	15	28	1	20	34	11	37	20	6	32	16	14	2	0
2	30	38	1	7	10	24	5	12	2	40	17	37	13	16	27	48	16	41	25	36	19	7	32	49	41	19	25	0	32	40	14	9	48	14	15	41	5	43	28	10	6	40	11	39	9	13	45	44	3	20	10	8	49	49	0	33	34	30	15	38	5	13	20	48	32	20	20	31	23	13	41	37	26	4
7	9	13	7	26	24	45	30	1	19	19	6	16	13	49	11	39	23	36	35	8	7	15	41	22	15	16	36	32	0	42	36	45	11	37	36	31	1	0	1	39	11	5	47	18	23	45	4	31	25	16	23	23	21	47	31	11	25	31	40	32	18	7	49	35	22	43	43	15	35	4	36	12	48	27
7	35	46	16	9	38	0	12	41	37	6	8	24	37	30	16	14	34	37	12	10	43	1	11	39	42	2	22	40	42	0	7	25	40	12	30	1	4	43	41	29	47	27	16	4	21	33	46	4	47	42	46	40	27	28	30	27	8	29	8	19	44	0	3	30	3	9	10	39	34	39	1	3	38	12
13	17	9	33	15	45	35	46	33	24	7	12	12	49	28	35	1	9	25	15	7	8	24	3	30	12	17	17	14	36	7	0	0	21	42	1	40	44	34	3	46	6	3	43	26	48	6	30	18	17	41	3	1	1	18	35	33	37	0	44	3	20	30	15	47	20	42	44	30	6	24	17	37	35	17
23	33	25	6	34	33	45	13	14	34	11	1	21	2	41	18	7	8	10	5	32	10	2	30	2	44	8	30	9	45	25	0	0	39	9	36	33	13	6	1	35	26	19	8	42	42	32	43	13	6	34	18	32	6	36	10	20	4	4	24	41	10	17	22	1	22	48	41	46	35	39	39	28	27	40
25	44	28	31	17	35	19	5	36	37	18	32	34	5	0	11	11	33	27	48	1	3	2	23	29	33	7	33	48	11	40	21	39	0	15	13	35	16	4	26	10	31	19	30	30	10	15	25	46	21	28	34	11	29	37	28	10	11	20	17	37	1	32	31	38	46	15	32	30	14	2	16	28	23	9
24	45	11	37	42	39	24	17	17	2	17	6	21	2	43	4	37	19	7	47	39	25	9	26	25	13	49	7	14	37	12	42	9	15	0	13	25	12	19	30	39	7	46	0	1	19	11	3	27	46	23	37	2	28	16	45	38	22	10	28	49	45	27	13	13	43	32	37	4	4	13	42	37	16	23
12	19	11	3	21	43	21	10	21	30	20	48	48	15	33	4	29	6	31	21	1	37	2	13	3	45	31	25	15	36	30	1	36	13	13	0	33	26	25	35	29	0	1	18	20	3	42	30	47	18	38	17	30	17	37	18	16	0	46	48	31	4	4	8	13	5	14	34	37	45	42	14	44	29	20
14	10	33	45	1	30	2	32	30	32	2	44	17	1	11	44	20	15	22	6	18	28	38	11	5	33	36	12	41	31	1	40	33	35	25	33	0	9	42	26	23	22	36	0	32	12	26	9	12	48	4	44	40	47	35	12	4	46	40	11	8	38	18	34	44	25	3	19	31	15	11	32	1	30	4
29	18	8	16	21	14	39	31	34	37	17	13	2	36	7	37	25	42	43	12	28	11	32	18	20	38	2	30	5	1	4	44	13	16	12	26	9	0	6	34	34	0	7	24	13	5	42	49	38	14	37	1	23	15	40	3	23	40	22	41	17	31	0	40	1	4	1	20	5	33	16	39	12	29	14
2	11	7	3	43	19	36	45	1	3	33	8	3	5	26	6	2	14	30	18	2	8	28	13	5	29	33	16	43	0	43	34	6	4	19	25	42	6	0	7	48	40	24	27	3	36	2	2	46	48	20	19	15	13	43	49	21	38	22	48	35	39	31	39	24	48	23	8	21	37	37	5	41	41	0
46	17	36	28	20	48	18	42	21	43	4	17	13	33	21	11	23	20	7	24	5	27	48	15	32	6	42	12	28	1	41	3	1	26	30	35	26	34	7	0	31	29	37	22	38	20	26	2	8	21	4	15	30	3	48	34	22	31	9	47	8	4	43	35	23	3	27	17	0	49	15	47	20	2	39
36	3	1	30	5	1	29	0	7	27	30	1	37	14	34	20	42	2	8	47	44	15	32	25	8	2	2	13	10	39	29	46	35	10	39	29	23	34	48	31	0	35	38	39	23	26	33	8	6	18	26	44	8	6	34	47	2	12	35	1	3	41	11	22	0	12	4	7	43	16	37	48	6	13	13
30	42	4	9	23	3	37	32	33	28	0	30	39	2	3	26	31	7	38	2	0	21	11	0	37	15	16	1	6	11	47	6	26	31	7	0	22	0	40	29	35	0	3	9	32	19	21	15	27	48	17	40	27	31	8	16	24	38	23	15	17	38	27	9	18	9	4	15	45	41	7	5	24	22	7
4	34	31	21	29	19	10	14	10	37	42	7	25	42	38	19	31	12	10	6	1	20	2	16	44	38	6	20	40	5	27	3	19	19	46	1	36	7	24	37	38	3	0	31	31	18	23	24	43	33	9	15	20	11	39	2	11	40	3	17	17	2	8	14	26	44	49	36	43	32	26	6	4	4	30
46	5	37	37	5	4	45	18	49	20	3	32	44	19	4	29	0	41	19	43	8	18	13	0	13	27	13	6	11	47	16	43	8	30	0	18	0	24	27	22	39	9	31	0	37	9	4	46	1	47	10	11	9	31	25	21	5	37	12	25	41	30	14	45	38	8	31	49	41	43	11	2	10	24	34
22	27	5	48	12	43	11	43	28	6	34	3	43	9	49	8	29	6	26	22	19	11	30	9	17	4	18	36	39	18	4	26	42	30	1	20	32	13	3	38	23	32	31	37	0	37	2	44	25	9	29	15	12	7	47	17	2	46	0	37	22	47	10	2	25	29	30	48	48	15	43	1	13	11	18
37	9	23	5	49	10	38	16	35	26	0	31	11	7	43	15	44	0	13	47	5	20	0	0	18	32	21	21	9	23	21	48	42	10	19	3	12	5	36	20	26	19	18	9	37	0	19	6	22	45	39	35	16	10	18	28	38	21	25	21	17	5	0	0	10	6	13	24	0	23	23	49	8	34	24
11	4	2	46	5	30	10	0	17	18	19	12	44	33	36	21	33	48	26	19	3	20	43	25	3	47	43	40	13	45	33	6	32	15	11	42	26	42	2	26	33	21	23	4	2	19	0	16	26	49	40	38	43	7	29	1	4	23	12	3	28	15	27	49	30	3	29	12	11	41	42	34	7	49	32
40	1	30	30	4	49	10	2	26	9	10	14	9	34	2	47	27	13	38	23	24	15	0	34	35	19	47	38	45	4	46	30	43	25	3	30	9	49	2	2	8	15	24	46	44	6	16	0	30	13	17	45	14	13	22	13	36	45	28	1	42	44	10	17	24	1	20	14	32	48	12	19	4	27	26
23	9	46	7	5	11	16	31	48	12	28	5	43	3	16	3	5	43	0	40	43	28	8	49	43	34	35	30	44	31	4	18	13	46	27	47	12	38	46	8	6	27	43	1	25	22	26	30	0	3	6	45	32	44	3	38	9	47	32	41	46	23	5	23	22	48	30	2	32	45	30	11	6	9	17
15	0	49	15	48	11	7	0	34	25	29	14	25	6	11	29	45	39	27	42	49	45	1	14	6	22	23	38	3	25	47	17	6	21	46	18	48	14	48	21	18	48	33	47	9	45	49	13	3	0	17	35	12	8	10	0	37	24	29	8	8	23	13	15	32	26	14	12	32	44	20	30	7	46	43
5	37	9	6	12	44	31	26	27	37	7	33	32	45	36	18	49	18	16	21	2	5	15	28	28	2	26	2	20	16	42	41	34	28	23	38	4	37	20	4	26	17	9	10	29	39	40	17	6	17	0	24	31	11	13	39	40	13	10	46	42	14	2	24	46	31	0	1	36	20	41	16	42	31	26
31	21	15	49	47	48	3	17	17	1	34	7	45	39	16	1	47	36	36	44	14	14	17	48	19	3	18	45	10	23	46	3	18	34	37	17	44	1	19	15	44	40	15	11	15	35	38	45	45	35	24	0	16	29	32	4	49	20	36	30	33	18	8	5	38	9	13	15	3	41	15	44	19	1	17
27	18	6	0	36	45	0	15	21	19	3	18	48	25	45	36	35	47	41	9	16	5	40	18	3	7	47	24	8	23	40	1	32	11	2	30	40	23	15	30	8	27	20	9	12	16	43	14	32	12	31	16	0	27	22	12	18	47	16	15	24	10	21	49	5	41	8	42	45	42	10	4	18	41	6
9	12	35	44	29	47	29	21	36	2	11	7	21	34	19	11	36	18	39	42	32	6	7	25	29	16	43	35	49	21	27	1	6	29	28	17	47	15	13	3	6	31	11	31	7	10	7	13	44	8	11	29	27	0	12	31	13	42	41	6	25	45	7	5	47	32	22	19	19	31	9	48	34	49	45
45	13	17	12	1	18	18	45	13	11	34	4	28	47	32	44	24	26	44	30	49	32	17	13	18	1	12	29	49	47	28	18	36	37	16	37	35	40	43	48	34	8	39	25	47	18	29	22	3	10	13	32	22	12	0	33	4	16	33	37	6	31	45	28	18	24	33	4	34	6	5	46	8	15	43
7	5	38	7	43	28	1	49	33	19	6	9	1	24	7	37	9	19	41	23	13	32	21	45	44	32	30	21	0	31	30	35	10	28	45	18	12	3	49	34	47	16	2	21	17	28	1	13	38	0	39	4	12	31	33	0	19	3	24	21	28	5	29	10	36	12	0	14	22	27	4	1	3	10	25
39	14	7	7	49	3	13	8	27	48	47	36	44	1	43	30	2	23	44	27	20	5	24	6	28	31	49	40	33	11	27	33	20	10	38	16	4	23	21	22	2	24	11	5	2	38	4	36	9	37	40	49	18	13	4	19	0	16	6	25	46	16	11	44	33	22	44	26	26	6	44	10	39	4	3
10	46	4	27	40	7	10	29	9	2	1	42	16	1	19	48	13	37	34	34	37	10	10	37	24	39	42	0	34	25	8	37	4	11	22	0	46	40	38	31	12	38	40	37	46	21	23	45	47	24	13	20	47	42	16	3	16	0	3	35	20	38	10	33	47	0	2	34	20	46	2	4	34	4	7
36	31	37	20	14	13	30	18	12	30	35	45	47	31	18	21	30	8	0	45	0	44	48	35	2	46	3	48	30	31	29	0	4	20	10	46	40	22	22	9	35	23	3	12	0	25	12	28	32	29	10	36	16	41	33	24	6	3	0	49	33	13	11	0	19	38	30	32	15	47	46	24	27	10	14
42	41	23	3	8	37	30	43	1	2	35	15	23	48	10	18	3	24	42	2	8	25	45	39	11	5	31	45	15	40	8	44	24	17	28	48	11	41	48	47	1	15	17	25	37	21	3	1	41	8	46	30	15	6	37	21	25	35	49	0	43	1	26	40	41	15	12	21	18	24	5	39	15	23	24
21	48	42	42	25	0	2	15	3	21	25	27	37	26	38	40	22	20	43	25	11	35	29	32	34	43	7	14	38	32	19	3	41	37	49	31	8	17	35	8	3	17	17	41	22	17	28	42	46	8	42	33	24	25	6	28	46	20	33	43	0	44	5	44	1	27	1	13	47	0	27	10	28	28	1
12	31	21	24	4	20	2	35	33	15	11	27	0	13	12	36	14	44	13	38	39	16	46	12	46	20	37	15	5	18	44	20	10	1	45	4	38	31	39	4	41	38	2	30	47	5	15	44	23	23	14	18	10	45	31	5	16	38	13	1	44	0	40	0	1	3	3	2	1	12	24	24	48	27	43
44	12	2	22	22	3	14	27	14	25	43	41	25	3	45	45	22	0	29	40	29	27	16	40	26	25	46	28	13	7	0	30	17	32	27	4	18	0	31	43	11	27	8	14	10	0	27	10	5	13	2	8	21	7	45	29	11	10	11	26	5	40	0	5	41	43	4	2	19	40	17	4	11	41	42
0	1	5	15	8	48	10	20	45	9	21	30	11	33	26	48	1	5	4	40	14	25	15	3	21	7	29	1	20	49	3	15	22	31	13	8	34	40	39	35	22	9	14	45	2	0	49	17	23	15	24	5	49	5	28	10	44	33	0	40	44	0	5	0	29	36	36	16	2	19	25	46	14	27	6
48	21	4	37	38	33	0	31	9	49	30	27	43	48	19	35	49	3	45	47	8	35	29	43	40	12	26	20	48	35	30	47	1	38	13	13	44	1	24	23	0	18	26	38	25	10	30	24	22	32	46	38	5	47	18	36	33	47	19	41	1	1	41	29	0	23	9	42	22	44	12	44	19	0	23
30	5	5	1	40	28	9	14	45	34	8	44	45	49	1	11	0	2	44	42	20	27	25	29	1	36	16	34	32	22	3	20	22	46	43	5	25	4	48	3	12	9	44	8	29	6	3	1	48	26	31	9	41	32	24	12	22	0	38	15	27	3	43	36	23	0	2	6	0	11	38	27	9	4	49
1	28	47	31	7	13	25	38	37	12	3	25	16	47	47	46	28	32	40	8	25	27	34	18	4	13	15	11	20	43	9	42	48	15	32	14	3	1	23	27	4	4	49	31	30	13	29	20	30	14	0	13	8	22	33	0	44	2	30	12	1	3	4	36	9	2	0	31	41	38	45	41	35	7	29
44	36	25	6	8	5	11	31	48	14	30	30	49	32	23	36	15	47	37	30	21	28	48	6	17	19	5	37	20	43	10	44	41	32	37	34	19	20	8	17	7	15	36	49	48	24	12	14	2	12	1	15	42	19	4	14	26	34	32	21	13	2	2	16	42	6	31	0	41	3	23	16	4	37	47
15	45	12	35	32	39	0	14	48	43	42	20	13	33	31	48	28	35	39	1	33	31	33	27	17	17	20	20	31	15	39	30	46	30	4	37	31	5	21	0	43	45	43	41	48	0	11	32	32	32	36	3	45	19	34	22	26	20	15	18	47	1	19	2	22	0	41	41	0	45	8	49	16	14	44
29	22	22	42	1	39	41	25	17	11	16	0	28	42	8	42	31	30	36	34	1	21	23	5	1	24	34	6	23	35	34	6	35	14	4	45	15	33	37	49	16	41	32	43	15	23	41	48	45	44	20	41	42	31	6	27	6	46	47	24	0	12	40	19	44	11	38	3	45	0	19	20	1	4	36
6	0	16	20	17	45	3	44	12	15	16	5	6	42	43	8	17	8	9	46	34	29	48	36	31	8	29	32	13	4	39	24	39	2	13	42	11	16	37	15	37	7	26	11	43	23	42	12	30	20	41	15	10	9	5	4	44	2	46	5	27	24	17	25	12	38	45	23	8	19	0	7	30	19	3
34	34	17	45	36	37	48	40	16	13	36	17	36	30	48	24	15	24	11	14	38	0	27	49	25	29	18	16	41	36	1	17	39	16	42	14	32	39	5	47	48	5	6	2	1	49	34	19	11	30	16	44	4	48	46	1	10	4	24	39	10	24	4	46	44	27	41	16	49	20	7	0	44	32	12
28	2	46	16	32	19	24	45	22	30	34	1	46	25	1	25	17	34	3	38	35	10	9	32	39	1	24	14	37	12	3	37	28	28	37	44	1	12	41	20	6	24	4	10	13	8	7	4	6	7	42	19	18	34	8	3	39	34	27	15	28	48	11	14	19	9	35	4	16	1	30	44	0	33	45
21	11	5	13	2	22	40	43	38	35	33	22	12	2	33	35	39	43	11	21	9	36	20	2	45	15	4	2	26	48	38	35	27	23	16	29	30	29	41	2	13	22	4	24	11	34	49	27	9	46	31	1	41	49	15	10	4	4	10	23	28	27	41	27	0	4	7	37	14	4	19	32	33	0	25
11	11	26	28	18	34	10	10	24	10	17	20	26	37	25	44	1	32	45	6	31	11	13	8	49	44	31	0	4	27	12	17	40	9	23	20	4	14	0	39	13	7	30	34	18	24	32	26	17	43	26	17	6	45	43	25	3	7	14	24	1	43	42	6	23	49	29	47	44	36	3	12	45	25	0
