75
1	 23	 2163	 2221	 64	 100
2	 36	 3400	 3472	 64	 69
3	 13	 2297	 2301	 47	 58
4	 63	 1414	 1502	 0	 39
5	 83	 2358	 2382	 7	 45
6	 33	 3047	 3111	 4	 59
7	 14	 3035	 3103	 32	 67
8	 3	 4531	 4573	 11	 45
9	 3	 3557	 3621	 52	 71
10	 31	 2742	 2802	 3	 47
11	 66	 4313	 4367	 20	 22
12	 85	 2966	 2976	 3	 38
13	 10	 3188	 3276	 98	 100
14	 81	 4176	 4208	 34	 55
15	 59	 1916	 1952	 12	 44
16	 79	 2099	 2121	 30	 52
17	 94	 2603	 2641	 17	 43
18	 38	 1526	 1558	 1	 52
19	 27	 2902	 2974	 33	 83
20	 11	 3790	 3848	 0	 22
21	 100	 1624	 1710	 0	 23
22	 18	 1487	 1559	 16	 22
23	 73	 1718	 1770	 62	 72
24	 2	 2599	 2647	 7	 31
25	 41	 1523	 1559	 35	 39
26	 15	 1356	 1392	 33	 34
27	 8	 2965	 3041	 0	 49
28	 55	 4505	 4515	 7	 41
29	 17	 2078	 2102	 30	 58
30	 81	 2984	 3056	 16	 80
31	 69	 2277	 2287	 0	 28
32	 76	 1412	 1422	 45	 100
33	 77	 3318	 3348	 53	 82
34	 19	 2447	 2457	 1	 47
35	 46	 4099	 4135	 14	 43
36	 73	 3768	 3844	 60	 75
37	 50	 1535	 1539	 20	 40
38	 31	 4202	 4204	 21	 68
39	 90	 2021	 2095	 8	 59
40	 3	 3481	 3531	 16	 34
41	 16	 2393	 2471	 76	 78
42	 91	 1522	 1534	 18	 64
43	 10	 1889	 1943	 43	 62
44	 67	 3799	 3857	 6	 20
45	 85	 3207	 3221	 56	 97
46	 72	 1851	 1875	 7	 46
47	 21	 2102	 2152	 34	 57
48	 1	 1381	 1441	 38	 75
49	 80	 1987	 2005	 13	 34
50	 75	 2441	 2495	 4	 30
51	 21	 2920	 2940	 24	 34
52	 93	 1893	 1929	 27	 62
53	 78	 3481	 3487	 7	 25
54	 50	 1771	 1851	 2	 31
55	 73	 2559	 2627	 71	 94
56	 41	 2525	 2537	 7	 61
57	 98	 1459	 1467	 24	 79
58	 29	 3590	 3610	 50	 69
59	 23	 1448	 1492	 72	 94
60	 13	 2406	 2472	 14	 35
61	 47	 4632	 4636	 3	 43
62	 54	 1892	 1960	 69	 86
63	 20	 3977	 4007	 46	 51
64	 1	 3921	 3995	 51	 54
65	 9	 3511	 3527	 1	 38
66	 60	 2085	 2093	 21	 26
67	 4	 1534	 1588	 10	 84
68	 30	 2529	 2545	 43	 57
69	 50	 2418	 2438	 18	 33
70	 15	 1756	 1776	 23	 31
71	 54	 4001	 4023	 29	 85
72	 42	 2294	 2306	 1	 29
73	 20	 1642	 1658	 10	 46
74	 57	 2037	 2077	 0	 58
75	 69	 3191	 3223	 6	 44
0	44	49	47	44	27	15	10	20	20	16	31	23	28	42	1	0	14	28	47	8	17	2	1	2	1	40	41	3	35	23	7	9	5	18	42	33	19	48	8	46	2	6	20	18	4	19	22	38	1	0	36	12	29	42	7	30	42	2	22	23	40	8	11	16	11	25	9	45	20	49	34	17	43	32
44	0	45	46	47	24	5	39	38	35	0	10	12	19	38	25	30	15	37	2	29	15	12	24	8	17	41	40	24	20	2	29	3	14	23	39	13	4	22	1	11	2	39	12	5	24	27	44	48	14	1	39	4	45	38	30	43	10	9	19	6	30	33	20	18	25	27	13	42	8	3	1	18	10	34
49	45	0	18	10	20	11	44	21	17	29	6	26	21	6	49	0	43	9	11	28	32	38	46	39	26	10	1	24	23	14	14	8	6	30	33	5	45	40	19	13	5	3	0	11	19	31	5	8	38	6	43	3	38	7	8	23	29	35	8	44	13	17	43	7	42	27	6	7	2	10	17	26	23	45
47	46	18	0	13	0	30	21	39	10	17	34	30	10	41	5	19	17	5	38	31	13	20	7	11	17	36	13	15	38	23	47	10	42	6	49	36	9	17	26	43	44	19	19	31	49	3	20	42	4	0	35	35	7	2	15	1	34	29	23	44	21	2	24	20	39	0	9	21	46	33	22	1	19	10
44	47	10	13	0	10	13	18	32	2	16	15	7	36	2	39	16	24	17	48	45	13	48	0	29	22	11	39	10	9	35	2	9	7	32	7	5	26	4	33	8	39	33	31	2	18	40	7	14	45	6	1	4	31	40	0	18	22	6	9	36	28	14	5	28	25	9	0	17	29	39	5	33	32	13
27	24	20	0	10	0	43	5	8	9	15	48	4	7	19	32	14	20	30	13	8	48	5	7	28	9	4	15	24	41	19	44	12	2	10	39	28	7	41	10	24	26	44	48	19	48	4	39	35	41	11	26	46	23	39	14	31	13	33	1	15	21	7	38	5	13	47	11	0	6	6	18	30	44	7
15	5	11	30	13	43	0	37	18	13	24	18	37	47	28	19	19	7	28	31	20	2	48	15	34	44	29	32	0	17	29	11	17	36	45	11	1	48	42	13	18	46	9	22	19	45	35	11	11	35	24	25	36	48	22	41	40	9	12	6	12	36	13	18	12	18	24	10	28	18	18	47	0	37	40
10	39	44	21	18	5	37	0	30	34	22	10	32	10	20	44	6	10	8	18	43	23	41	21	26	36	36	31	36	43	36	38	45	4	9	4	27	6	2	1	33	10	0	19	33	30	46	7	10	21	6	27	33	46	0	4	41	22	44	6	18	45	2	18	9	39	33	21	11	28	21	23	30	21	7
20	38	21	39	32	8	18	30	0	7	27	35	11	13	40	18	30	48	42	40	17	48	48	45	4	46	14	1	35	1	10	20	36	0	25	43	14	48	42	17	6	10	11	31	33	11	1	23	13	1	37	29	46	18	23	34	6	7	28	13	49	11	37	9	4	34	34	11	24	7	22	33	4	25	32
20	35	17	10	2	9	13	34	7	0	24	31	10	3	39	43	36	4	37	21	13	12	0	25	24	21	48	17	4	2	43	30	32	7	48	0	12	2	19	44	41	27	35	26	45	33	38	0	0	20	39	41	8	3	3	13	28	9	43	25	22	18	15	37	5	38	40	16	19	9	27	27	14	24	48
16	0	29	17	16	15	24	22	27	24	0	18	26	16	20	4	29	15	13	49	41	32	3	15	26	34	23	4	13	18	16	20	2	48	3	34	46	42	31	6	22	1	46	3	38	28	14	3	30	21	37	7	15	22	13	1	28	32	37	10	36	22	7	14	42	14	8	42	0	42	42	31	34	1	35
31	10	6	34	15	48	18	10	35	31	18	0	38	32	18	19	17	42	30	46	0	24	23	17	12	12	10	49	4	32	33	31	6	33	15	40	39	7	5	7	30	1	29	17	1	11	47	9	39	3	19	6	23	0	44	2	43	4	38	24	28	14	20	7	27	46	5	13	15	41	20	36	20	35	19
23	12	26	30	7	4	37	32	11	10	26	38	0	16	12	16	11	16	0	13	12	3	11	8	21	38	29	28	34	24	41	42	2	11	6	24	44	41	7	38	27	39	45	33	19	18	25	24	11	39	22	44	12	0	48	14	0	2	24	25	46	9	33	18	41	13	33	7	47	24	16	11	41	36	35
28	19	21	10	36	7	47	10	13	3	16	32	16	0	3	0	24	15	12	30	12	2	0	22	37	32	20	34	43	28	2	45	23	44	39	33	16	45	4	32	22	33	46	35	11	24	20	40	12	48	21	6	33	6	42	21	7	19	23	2	15	27	15	17	37	34	41	40	13	20	49	8	4	34	23
42	38	6	41	2	19	28	20	40	39	20	18	12	3	0	30	47	34	36	8	10	43	2	3	13	4	33	47	29	40	18	1	37	18	47	6	2	40	21	36	22	7	32	0	27	18	23	2	45	31	9	10	29	49	30	44	48	44	34	7	37	6	41	32	36	41	41	24	7	46	26	15	25	33	45
1	25	49	5	39	32	19	44	18	43	4	19	16	0	30	0	39	8	30	43	0	29	9	13	20	5	20	34	34	22	38	20	24	7	3	3	15	17	47	21	33	46	44	5	12	20	34	12	5	2	12	48	43	25	8	32	17	5	13	27	35	27	39	45	31	18	17	25	4	24	35	37	0	12	47
0	30	0	19	16	14	19	6	30	36	29	17	11	24	47	39	0	30	11	6	6	46	10	33	20	48	3	31	6	47	45	0	44	12	22	20	19	14	34	44	48	41	44	34	10	35	10	46	34	20	17	22	9	37	13	12	31	39	20	37	9	21	5	5	10	43	49	34	46	34	21	1	2	10	30
14	15	43	17	24	20	7	10	48	4	15	42	16	15	34	8	30	0	4	13	1	32	42	36	16	43	5	15	41	32	45	14	4	41	2	35	9	36	16	0	12	39	38	34	34	49	31	45	35	6	7	32	39	8	20	21	29	2	14	33	28	14	23	33	35	13	35	0	21	18	43	31	22	2	6
28	37	9	5	17	30	28	8	42	37	13	30	0	12	36	30	11	4	0	46	0	23	37	39	26	37	17	9	18	16	23	37	8	24	1	22	16	8	20	19	16	37	34	15	28	4	19	13	38	3	40	29	24	40	44	39	2	40	28	21	39	34	49	26	31	17	23	30	9	6	16	8	45	49	32
47	2	11	38	48	13	31	18	40	21	49	46	13	30	8	43	6	13	46	0	5	2	2	8	18	16	14	32	1	5	13	17	25	8	21	20	39	24	48	36	2	13	21	30	35	41	16	12	12	15	3	18	1	5	17	20	23	16	11	4	18	0	12	19	43	27	11	29	11	46	2	3	1	14	29
8	29	28	31	45	8	20	43	17	13	41	0	12	12	10	0	6	1	0	5	0	22	5	16	44	40	34	7	48	44	4	42	23	1	26	44	30	5	10	1	2	10	13	27	31	49	10	21	43	24	27	45	30	40	47	10	13	42	4	1	16	46	21	29	36	20	31	3	27	25	21	1	20	7	15
17	15	32	13	13	48	2	23	48	12	32	24	3	2	43	29	46	32	23	2	22	0	2	16	19	16	4	16	3	43	17	23	11	48	6	5	22	24	36	45	21	43	30	39	41	37	4	9	11	12	15	6	48	5	5	44	12	36	37	34	18	44	2	34	8	16	16	40	4	36	28	35	16	43	39
2	12	38	20	48	5	48	41	48	0	3	23	11	0	2	9	10	42	37	2	5	2	0	29	21	39	28	11	3	27	8	27	26	31	19	32	17	43	34	29	12	17	33	9	16	44	39	7	43	31	20	9	2	24	9	16	16	42	18	14	18	43	41	2	16	6	43	22	10	19	1	0	1	17	49
1	24	46	7	0	7	15	21	45	25	15	17	8	22	3	13	33	36	39	8	16	16	29	0	26	5	27	18	13	36	28	27	10	0	45	26	12	34	28	21	17	32	46	35	35	44	16	31	0	7	40	40	7	18	37	12	14	7	4	35	7	25	28	44	20	43	30	19	37	10	33	10	27	9	4
2	8	39	11	29	28	34	26	4	24	26	12	21	37	13	20	20	16	26	18	44	19	21	26	0	23	42	23	12	6	21	13	22	17	44	5	34	5	1	10	38	19	18	29	49	13	29	37	34	12	23	12	1	49	29	14	0	39	31	24	8	34	34	15	4	23	31	12	5	11	24	24	5	3	32
1	17	26	17	22	9	44	36	46	21	34	12	38	32	4	5	48	43	37	16	40	16	39	5	23	0	15	31	37	20	8	47	9	11	21	36	14	28	9	46	22	43	39	35	40	4	7	24	33	33	22	6	38	3	15	34	23	15	43	3	20	0	40	36	16	27	30	14	20	9	18	48	29	9	37
40	41	10	36	11	4	29	36	14	48	23	10	29	20	33	20	3	5	17	14	34	4	28	27	42	15	0	34	6	40	7	39	28	14	17	25	40	16	49	10	23	14	13	38	25	46	3	18	27	39	27	34	15	26	16	25	14	43	5	41	7	28	36	7	10	5	18	9	18	45	10	8	44	37	40
41	40	1	13	39	15	32	31	1	17	4	49	28	34	47	34	31	15	9	32	7	16	11	18	23	31	34	0	3	43	13	5	2	35	10	19	29	2	12	12	11	3	45	4	22	48	13	12	29	22	8	32	25	10	49	18	35	37	40	18	12	34	44	34	47	23	11	11	2	22	14	35	2	32	21
3	24	24	15	10	24	0	36	35	4	13	4	34	43	29	34	6	41	18	1	48	3	3	13	12	37	6	3	0	5	29	5	0	20	11	8	24	10	49	13	11	35	8	19	46	11	20	29	28	7	23	21	10	47	9	13	6	35	25	18	4	36	30	16	8	37	21	26	10	34	2	24	45	30	7
35	20	23	38	9	41	17	43	1	2	18	32	24	28	40	22	47	32	16	5	44	43	27	36	6	20	40	43	5	0	12	45	5	48	13	15	6	14	16	2	49	17	33	37	1	1	34	40	15	10	47	36	30	7	31	42	33	8	45	0	43	5	5	28	0	4	43	7	27	49	5	43	15	2	5
23	2	14	23	35	19	29	36	10	43	16	33	41	2	18	38	45	45	23	13	4	17	8	28	21	8	7	13	29	12	0	46	47	19	34	11	17	23	26	7	3	30	1	24	12	16	5	30	38	21	21	49	45	10	39	33	16	21	38	7	48	10	37	32	6	39	0	5	6	13	19	37	32	9	19
7	29	14	47	2	44	11	38	20	30	20	31	42	45	1	20	0	14	37	17	42	23	27	27	13	47	39	5	5	45	46	0	40	0	43	14	11	5	17	16	42	32	26	14	14	14	27	2	30	0	27	12	33	42	24	38	43	37	7	10	47	21	21	21	28	46	34	9	1	34	19	18	7	23	47
9	3	8	10	9	12	17	45	36	32	2	6	2	23	37	24	44	4	8	25	23	11	26	10	22	9	28	2	0	5	47	40	0	1	37	8	11	17	27	2	7	26	27	2	5	23	40	38	26	48	2	21	41	41	10	4	34	16	37	47	37	24	6	14	18	8	35	16	37	25	6	2	0	36	47
5	14	6	42	7	2	36	4	0	7	48	33	11	44	18	7	12	41	24	8	1	48	31	0	17	11	14	35	20	48	19	0	1	0	8	48	9	30	41	30	32	24	35	49	11	5	9	40	38	4	32	10	33	0	32	10	7	36	31	15	20	25	33	2	19	7	21	16	22	10	43	34	31	22	28
18	23	30	6	32	10	45	9	25	48	3	15	6	39	47	3	22	2	1	21	26	6	19	45	44	21	17	10	11	13	34	43	37	8	0	35	5	7	2	11	2	8	32	36	0	40	21	27	27	10	34	33	15	9	40	1	11	30	8	21	5	32	44	17	49	49	3	1	37	22	48	15	21	5	5
42	39	33	49	7	39	11	4	43	0	34	40	24	33	6	3	20	35	22	20	44	5	32	26	5	36	25	19	8	15	11	14	8	48	35	0	40	48	34	30	0	24	8	6	47	38	0	2	25	26	37	13	16	44	14	46	45	45	27	28	0	28	25	18	16	14	21	41	40	1	17	24	13	24	33
33	13	5	36	5	28	1	27	14	12	46	39	44	16	2	15	19	9	16	39	30	22	17	12	34	14	40	29	24	6	17	11	11	9	5	40	0	11	1	23	12	24	33	48	35	10	23	39	14	22	12	24	8	2	35	9	10	20	32	1	32	48	48	17	5	5	5	9	41	28	35	0	11	49	2
19	4	45	9	26	7	48	6	48	2	42	7	41	45	40	17	14	36	8	24	5	24	43	34	5	28	16	2	10	14	23	5	17	30	7	48	11	0	27	44	2	37	6	7	25	49	47	10	39	1	39	44	45	17	18	7	5	36	21	17	7	32	23	14	20	11	2	27	29	20	43	48	27	1	14
48	22	40	17	4	41	42	2	42	19	31	5	7	4	21	47	34	16	20	48	10	36	34	28	1	9	49	12	49	16	26	17	27	41	2	34	1	27	0	18	29	7	40	49	41	34	27	3	12	22	44	47	8	16	44	44	36	22	10	6	35	40	4	38	11	29	29	6	23	15	10	8	19	20	43
8	1	19	26	33	10	13	1	17	44	6	7	38	32	36	21	44	0	19	36	1	45	29	21	10	46	10	12	13	2	7	16	2	30	11	30	23	44	18	0	0	26	4	21	40	13	8	38	42	45	25	7	15	29	23	3	12	18	32	49	7	45	35	36	21	5	0	20	6	0	4	4	4	39	49
46	11	13	43	8	24	18	33	6	41	22	30	27	22	22	33	48	12	16	2	2	21	12	17	38	22	23	11	11	49	3	42	7	32	2	0	12	2	29	0	0	31	7	1	42	4	23	1	14	7	36	15	15	17	30	36	12	20	24	44	35	46	3	31	23	4	15	17	7	6	13	24	26	32	29
2	2	5	44	39	26	46	10	10	27	1	1	39	33	7	46	41	39	37	13	10	43	17	32	19	43	14	3	35	17	30	32	26	24	8	24	24	37	7	26	31	0	10	9	18	44	7	48	4	9	45	33	48	41	36	7	39	26	45	11	29	26	30	26	6	8	9	37	38	26	44	3	1	0	40
6	39	3	19	33	44	9	0	11	35	46	29	45	46	32	44	44	38	34	21	13	30	33	46	18	39	13	45	8	33	1	26	27	35	32	8	33	6	40	4	7	10	0	1	13	31	46	6	16	23	18	4	21	33	37	5	35	27	0	5	35	5	17	45	22	43	31	26	11	44	41	45	43	45	24
20	12	0	19	31	48	22	19	31	26	3	17	33	35	0	5	34	34	15	30	27	39	9	35	29	35	38	4	19	37	24	14	2	49	36	6	48	7	49	21	1	9	1	0	33	20	48	20	48	49	31	15	24	15	5	25	3	20	46	47	0	40	31	18	7	39	10	11	32	43	9	6	13	38	16
18	5	11	31	2	19	19	33	33	45	38	1	19	11	27	12	10	34	28	35	31	41	16	35	49	40	25	22	46	1	12	14	5	11	0	47	35	25	41	40	42	18	13	33	0	5	41	6	7	29	19	12	10	4	11	5	48	13	27	10	4	1	2	20	39	8	9	26	20	17	15	46	0	23	37
4	24	19	49	18	48	45	30	11	33	28	11	18	24	18	20	35	49	4	41	49	37	44	44	13	4	46	48	11	1	16	14	23	5	40	38	10	49	34	13	4	44	31	20	5	0	15	2	17	9	43	12	3	12	42	0	33	11	27	12	33	9	24	36	6	1	11	43	5	34	22	2	42	14	5
19	27	31	3	40	4	35	46	1	38	14	47	25	20	23	34	10	31	19	16	10	4	39	16	29	7	3	13	20	34	5	27	40	9	21	0	23	47	27	8	23	7	46	48	41	15	0	49	19	34	48	39	25	35	23	47	2	14	6	9	17	0	31	7	6	18	9	4	40	44	28	32	27	3	19
22	44	5	20	7	39	11	7	23	0	3	9	24	40	2	12	46	45	13	12	21	9	7	31	37	24	18	12	29	40	30	2	38	40	27	2	39	10	3	38	1	48	6	20	6	2	49	0	1	3	49	27	44	27	26	37	25	14	25	9	13	20	10	6	46	48	34	12	11	42	26	11	45	35	42
38	48	8	42	14	35	11	10	13	0	30	39	11	12	45	5	34	35	38	12	43	11	43	0	34	33	27	29	28	15	38	30	26	38	27	25	14	39	12	42	14	4	16	48	7	17	19	1	0	41	19	37	47	6	3	42	3	22	12	6	20	18	12	23	0	43	13	9	12	16	38	30	21	7	8
1	14	38	4	45	41	35	21	1	20	21	3	39	48	31	2	20	6	3	15	24	12	31	7	12	33	39	22	7	10	21	0	48	4	10	26	22	1	22	45	7	9	23	49	29	9	34	3	41	0	28	27	41	10	30	33	47	22	4	26	13	49	24	10	5	46	37	17	15	29	36	0	35	11	32
0	1	6	0	6	11	24	6	37	39	37	19	22	21	9	12	17	7	40	3	27	15	20	40	23	22	27	8	23	47	21	27	2	32	34	37	12	39	44	25	36	45	18	31	19	43	48	49	19	28	0	10	43	49	1	24	3	4	30	14	8	12	40	38	37	33	23	24	20	33	20	47	3	9	35
36	39	43	35	1	26	25	27	29	41	7	6	44	6	10	48	22	32	29	18	45	6	9	40	12	6	34	32	21	36	49	12	21	10	33	13	24	44	47	7	15	33	4	15	12	12	39	27	37	27	10	0	21	40	35	36	5	0	5	45	46	18	28	37	21	2	21	11	36	12	26	43	37	10	32
12	4	3	35	4	46	36	33	46	8	15	23	12	33	29	43	9	39	24	1	30	48	2	7	1	38	15	25	10	30	45	33	41	33	15	16	8	45	8	15	15	48	21	24	10	3	25	44	47	41	43	21	0	7	41	14	17	8	38	25	42	23	6	11	40	43	26	1	30	28	47	22	5	8	41
29	45	38	7	31	23	48	46	18	3	22	0	0	6	49	25	37	8	40	5	40	5	24	18	49	3	26	10	47	7	10	42	41	0	9	44	2	17	16	29	17	41	33	15	4	12	35	27	6	10	49	40	7	0	35	5	30	20	39	33	11	9	13	10	27	11	0	12	29	0	7	6	15	12	3
42	38	7	2	40	39	22	0	23	3	13	44	48	42	30	8	13	20	44	17	47	5	9	37	29	15	16	49	9	31	39	24	10	32	40	14	35	18	44	23	30	36	37	5	11	42	23	26	3	30	1	35	41	35	0	47	13	1	1	6	22	9	3	21	11	15	10	34	26	27	12	27	34	39	27
7	30	8	15	0	14	41	4	34	13	1	2	14	21	44	32	12	21	39	20	10	44	16	12	14	34	25	18	13	42	33	38	4	10	1	46	9	7	44	3	36	7	5	25	5	0	47	37	42	33	24	36	14	5	47	0	33	37	36	23	34	29	1	41	44	8	47	18	38	24	47	9	10	38	31
30	43	23	1	18	31	40	41	6	28	28	43	0	7	48	17	31	29	2	23	13	12	16	14	0	23	14	35	6	33	16	43	34	7	11	45	10	5	36	12	12	39	35	3	48	33	2	25	3	47	3	5	17	30	13	33	0	7	38	12	37	23	4	1	24	45	44	21	11	0	32	29	44	40	11
42	10	29	34	22	13	9	22	7	9	32	4	2	19	44	5	39	2	40	16	42	36	42	7	39	15	43	37	35	8	21	37	16	36	30	45	20	36	22	18	20	26	27	20	13	11	14	14	22	22	4	0	8	20	1	37	7	0	41	46	33	33	8	12	11	27	1	29	23	3	7	15	11	24	34
2	9	35	29	6	33	12	44	28	43	37	38	24	23	34	13	20	14	28	11	4	37	18	4	31	43	5	40	25	45	38	7	37	31	8	27	32	21	10	32	24	45	0	46	27	27	6	25	12	4	30	5	38	39	1	36	38	41	0	6	43	40	13	24	35	29	3	8	38	35	27	9	43	4	5
22	19	8	23	9	1	6	6	13	25	10	24	25	2	7	27	37	33	21	4	1	34	14	35	24	3	41	18	18	0	7	10	47	15	21	28	1	17	6	49	44	11	5	47	10	12	9	9	6	26	14	45	25	33	6	23	12	46	6	0	18	32	10	8	3	19	37	6	41	33	44	30	23	22	35
23	6	44	44	36	15	12	18	49	22	36	28	46	15	37	35	9	28	39	18	16	18	18	7	8	20	7	12	4	43	48	47	37	20	5	0	32	7	35	7	35	29	35	0	4	33	17	13	20	13	8	46	42	11	22	34	37	33	43	18	0	30	5	11	2	34	15	28	16	2	15	2	0	36	2
40	30	13	21	28	21	36	45	11	18	22	14	9	27	6	27	21	14	34	0	46	44	43	25	34	0	28	34	36	5	10	21	24	25	32	28	48	32	40	45	46	26	5	40	1	9	0	20	18	49	12	18	23	9	9	29	23	33	40	32	30	0	30	8	46	35	33	6	27	31	8	8	41	23	10
8	33	17	2	14	7	13	2	37	15	7	20	33	15	41	39	5	23	49	12	21	2	41	28	34	40	36	44	30	5	37	21	6	33	44	25	48	23	4	35	3	30	17	31	2	24	31	10	12	24	40	28	6	13	3	1	4	8	13	10	5	30	0	40	32	8	5	18	42	15	40	9	7	8	2
11	20	43	24	5	38	18	18	9	37	14	7	18	17	32	45	5	33	26	19	29	34	2	44	15	36	7	34	16	28	32	21	14	2	17	18	17	14	38	36	31	26	45	18	20	36	7	6	23	10	38	37	11	10	21	41	1	12	24	8	11	8	40	0	27	29	34	11	24	11	47	8	21	2	9
16	18	7	20	28	5	12	9	4	5	42	27	41	37	36	31	10	35	31	43	36	8	16	20	4	16	10	47	8	0	6	28	18	19	49	16	5	20	11	21	23	6	22	7	39	6	6	46	0	5	37	21	40	27	11	44	24	11	35	3	2	46	32	27	0	25	37	34	38	49	7	11	25	20	42
11	25	42	39	25	13	18	39	34	38	14	46	13	34	41	18	43	13	17	27	20	16	6	43	23	27	5	23	37	4	39	46	8	7	49	14	5	11	29	5	4	8	43	39	8	1	18	48	43	46	33	2	43	11	15	8	45	27	29	19	34	35	8	29	25	0	17	5	46	42	23	17	17	47	27
25	27	27	0	9	47	24	33	34	40	8	5	33	41	41	17	49	35	23	11	31	16	43	30	31	30	18	11	21	43	0	34	35	21	3	21	5	2	29	0	15	9	31	10	9	11	9	34	13	37	23	21	26	0	10	47	44	1	3	37	15	33	5	34	37	17	0	7	8	36	45	22	18	13	18
9	13	6	9	0	11	10	21	11	16	42	13	7	40	24	25	34	0	30	29	3	40	22	19	12	14	9	11	26	7	5	9	16	16	1	41	9	27	6	20	17	37	26	11	26	43	4	12	9	17	24	11	1	12	34	18	21	29	8	6	28	6	18	11	34	5	7	0	28	47	45	0	17	20	38
45	42	7	21	17	0	28	11	24	19	0	15	47	13	7	4	46	21	9	11	27	4	10	37	5	20	18	2	10	27	6	1	37	22	37	40	41	29	23	6	7	38	11	32	20	5	40	11	12	15	20	36	30	29	26	38	11	23	38	41	16	27	42	24	38	46	8	28	0	46	3	13	44	15	23
20	8	2	46	29	6	18	28	7	9	42	41	24	20	46	24	34	18	6	46	25	36	19	10	11	9	45	22	34	49	13	34	25	10	22	1	28	20	15	0	6	26	44	43	17	34	44	42	16	29	33	12	28	0	27	24	0	3	35	33	2	31	15	11	49	42	36	47	46	0	9	42	8	10	3
49	3	10	33	39	6	18	21	22	27	42	20	16	49	26	35	21	43	16	2	21	28	1	33	24	18	10	14	2	5	19	19	6	43	48	17	35	43	10	4	13	44	41	9	15	22	28	26	38	36	20	26	47	7	12	47	32	7	27	44	15	8	40	47	7	23	45	45	3	9	0	40	8	33	6
34	1	17	22	5	18	47	23	33	27	31	36	11	8	15	37	1	31	8	3	1	35	0	10	24	48	8	35	24	43	37	18	2	34	15	24	0	48	8	4	24	3	45	6	46	2	32	11	30	0	47	43	22	6	27	9	29	15	9	30	2	8	9	8	11	17	22	0	13	42	40	0	12	2	27
17	18	26	1	33	30	0	30	4	14	34	20	41	4	25	0	2	22	45	1	20	16	1	27	5	29	44	2	45	15	32	7	0	31	21	13	11	27	19	4	26	1	43	13	0	42	27	45	21	35	3	37	5	15	34	10	44	11	43	23	0	41	7	21	25	17	18	17	44	8	8	12	0	10	12
43	10	23	19	32	44	37	21	25	24	1	35	36	34	33	12	10	2	49	14	7	43	17	9	3	9	37	32	30	2	9	23	36	22	5	24	49	1	20	39	32	0	45	38	23	14	3	35	7	11	9	10	8	12	39	38	40	24	4	22	36	23	8	2	20	47	13	20	15	10	33	2	10	0	41
32	34	45	10	13	7	40	7	32	48	35	19	35	23	45	47	30	6	32	29	15	39	49	4	32	37	40	21	7	5	19	47	47	28	5	33	2	14	43	49	29	40	24	16	37	5	19	42	8	32	35	32	41	3	27	31	11	34	5	35	2	10	2	9	42	27	18	38	23	3	6	27	12	41	0
