75
1	 24	 2831	 2899	 59	 65
2	 7	 1438	 1508	 24	 55
3	 64	 1292	 1294	 10	 37
4	 7	 3021	 3051	 49	 100
5	 34	 3314	 3364	 60	 96
6	 6	 2557	 2569	 34	 91
7	 33	 1279	 1295	 24	 92
8	 83	 2650	 2718	 13	 74
9	 59	 1491	 1511	 31	 54
10	 71	 3341	 3385	 18	 100
11	 14	 1533	 1565	 22	 48
12	 58	 3401	 3483	 10	 27
13	 1	 1016	 1066	 20	 28
14	 3	 2262	 2310	 33	 51
15	 85	 1009	 1095	 54	 74
16	 24	 1643	 1697	 2	 52
17	 5	 1010	 1032	 17	 90
18	 57	 3313	 3335	 5	 30
19	 32	 1925	 1943	 51	 95
20	 70	 1652	 1656	 65	 77
21	 11	 1961	 2047	 39	 53
22	 53	 1133	 1177	 79	 93
23	 14	 2543	 2573	 15	 40
24	 76	 2339	 2349	 69	 79
25	 84	 1877	 1879	 62	 90
26	 12	 3571	 3643	 0	 68
27	 7	 1702	 1718	 78	 93
28	 50	 3234	 3322	 29	 39
29	 10	 1774	 1794	 7	 86
30	 45	 1271	 1351	 31	 64
31	 93	 1100	 1112	 73	 77
32	 40	 2492	 2576	 16	 28
33	 48	 1446	 1470	 27	 42
34	 19	 1537	 1539	 41	 59
35	 69	 2991	 3077	 72	 96
36	 58	 3326	 3394	 53	 61
37	 3	 1432	 1456	 4	 72
38	 95	 1487	 1543	 54	 84
39	 34	 1232	 1282	 33	 55
40	 37	 2871	 2941	 8	 78
41	 62	 2642	 2678	 35	 45
42	 75	 2066	 2104	 14	 22
43	 56	 1114	 1194	 37	 55
44	 15	 2489	 2539	 55	 84
45	 22	 2494	 2540	 32	 62
46	 99	 2132	 2186	 15	 26
47	 80	 1677	 1699	 38	 62
48	 9	 1712	 1798	 35	 40
49	 83	 3618	 3668	 75	 77
50	 46	 2423	 2433	 16	 22
51	 69	 3637	 3677	 39	 77
52	 67	 3173	 3209	 17	 67
53	 22	 1322	 1374	 65	 79
54	 85	 1229	 1273	 40	 58
55	 27	 1087	 1135	 16	 39
56	 23	 2664	 2710	 18	 22
57	 78	 2241	 2277	 75	 93
58	 58	 1277	 1301	 14	 65
59	 57	 1993	 2013	 21	 68
60	 65	 1504	 1548	 7	 21
61	 29	 3266	 3322	 3	 88
62	 20	 2238	 2268	 6	 93
63	 66	 3277	 3291	 55	 87
64	 67	 3482	 3524	 39	 66
65	 67	 2979	 3023	 27	 63
66	 11	 1692	 1740	 17	 20
67	 45	 2164	 2186	 91	 94
68	 77	 1512	 1554	 20	 30
69	 12	 1675	 1689	 12	 77
70	 75	 1144	 1190	 19	 78
71	 30	 2001	 2075	 24	 82
72	 32	 3421	 3433	 4	 24
73	 92	 3486	 3516	 1	 74
74	 12	 3207	 3231	 0	 63
75	 4	 1538	 1554	 17	 30
0	47	17	36	23	17	36	48	27	26	27	46	8	20	40	44	21	46	2	3	39	15	21	12	36	11	3	25	33	15	37	47	41	37	5	25	24	38	13	9	44	23	5	41	19	18	37	45	8	13	42	44	46	4	0	7	22	29	26	12	3	5	24	19	33	9	31	38	33	15	6	4	27	9	29
47	0	11	16	10	2	5	34	30	45	27	27	43	39	15	40	6	26	44	46	36	42	6	45	1	37	1	19	6	16	2	49	44	27	16	8	26	15	22	30	9	13	42	2	26	5	16	32	31	17	10	3	15	30	17	17	16	14	15	7	14	4	4	37	36	21	2	10	12	17	16	46	13	3	37
17	11	0	10	33	1	1	31	1	19	38	18	44	48	18	32	22	5	1	42	42	45	42	1	3	34	9	18	12	14	41	12	38	33	47	45	7	31	7	27	31	29	35	29	37	26	11	37	36	47	11	19	46	7	30	17	43	9	47	33	40	46	6	24	10	20	12	16	40	13	12	29	33	41	49
36	16	10	0	40	43	7	41	12	0	49	41	13	49	4	31	11	21	4	12	3	39	31	46	15	48	45	31	45	4	4	48	28	38	13	13	17	17	33	18	0	6	22	7	35	13	20	44	12	10	16	47	26	8	17	2	9	49	22	0	23	11	12	9	34	28	6	35	8	15	30	28	46	12	43
23	10	33	40	0	11	43	1	29	30	24	14	49	2	11	14	34	33	16	36	20	2	18	9	29	36	0	30	49	0	16	28	9	24	41	39	12	43	33	16	49	12	11	45	20	49	11	45	31	31	32	15	2	20	6	24	38	39	30	39	47	44	34	5	28	8	7	3	0	16	1	45	39	28	3
17	2	1	43	11	0	19	4	46	1	36	27	19	7	46	9	37	24	3	19	24	13	37	11	1	33	44	6	3	0	19	24	26	23	8	4	36	10	21	9	17	3	31	37	29	19	39	17	28	49	32	2	31	37	9	44	18	17	32	40	6	20	33	45	18	10	10	16	42	7	10	30	48	36	43
36	5	1	7	43	19	0	18	32	42	8	3	30	29	46	44	44	24	6	1	36	49	11	42	5	0	1	33	13	42	14	37	13	42	39	22	10	18	1	16	48	8	9	17	21	47	26	12	16	47	36	41	33	1	7	47	21	40	5	36	27	0	38	5	32	5	30	22	35	29	29	29	6	4	23
48	34	31	41	1	4	18	0	22	21	11	37	1	23	9	15	30	32	13	12	4	13	9	29	47	31	30	3	25	25	1	0	32	7	23	11	35	33	35	2	2	26	34	39	26	21	13	33	28	12	26	44	40	12	38	12	3	3	9	37	26	2	11	10	8	9	29	7	4	24	3	8	3	39	36
27	30	1	12	29	46	32	22	0	11	39	39	22	30	24	13	18	40	28	24	15	39	39	25	1	42	9	37	0	29	7	22	44	35	48	30	19	40	36	36	8	18	2	24	34	14	48	23	13	34	3	3	31	36	38	39	44	20	25	1	39	16	5	32	45	14	38	45	19	42	28	34	16	23	48
26	45	19	0	30	1	42	21	11	0	33	22	16	41	41	2	11	16	16	16	39	37	26	19	19	49	7	47	45	28	38	19	25	4	24	34	12	16	19	11	38	13	35	26	0	8	10	7	3	24	18	4	26	49	22	2	45	15	5	34	45	34	38	37	5	24	1	3	4	29	23	18	36	12	36
27	27	38	49	24	36	8	11	39	33	0	39	0	13	41	4	45	33	4	23	29	10	6	7	46	27	49	10	28	33	3	14	25	33	32	23	18	25	3	3	38	10	46	35	10	11	20	14	10	13	19	5	49	38	15	3	33	42	7	1	15	13	25	20	27	2	2	36	15	19	42	23	12	23	11
46	27	18	41	14	27	3	37	39	22	39	0	2	2	49	45	41	30	22	26	26	45	14	21	43	23	34	44	46	34	36	24	5	25	0	35	24	44	6	22	2	47	36	32	28	2	7	17	1	10	20	9	37	49	21	40	25	29	44	5	17	24	39	14	27	20	39	27	15	25	6	31	33	42	4
8	43	44	13	49	19	30	1	22	16	0	2	0	16	17	48	33	34	31	17	11	24	26	7	34	2	17	19	41	14	49	47	7	2	14	6	31	24	4	22	38	47	3	8	16	27	5	10	49	19	49	10	19	24	7	42	0	1	34	16	34	7	12	33	18	26	13	25	6	6	44	39	8	46	24
20	39	48	49	2	7	29	23	30	41	13	2	16	0	25	10	0	45	44	22	9	44	4	27	34	12	8	42	43	39	42	20	48	4	11	17	14	29	3	21	13	7	23	6	40	8	18	34	33	23	14	32	10	9	47	18	48	47	23	23	19	3	0	34	37	24	21	10	5	8	0	1	34	15	39
40	15	18	4	11	46	46	9	24	41	41	49	17	25	0	3	27	46	15	32	46	3	48	20	10	31	46	27	2	27	13	37	29	41	32	49	1	24	35	8	35	36	28	13	36	44	3	14	18	42	1	36	8	44	5	29	5	34	3	33	40	33	1	49	44	1	20	30	25	6	37	8	32	16	25
44	40	32	31	14	9	44	15	13	2	4	45	48	10	3	0	43	1	20	37	20	45	42	39	21	1	8	10	20	9	25	43	17	19	19	43	24	38	46	8	3	39	43	27	38	8	33	9	49	13	6	20	0	47	25	45	20	6	5	37	16	21	14	13	4	12	16	21	18	35	11	44	1	7	47
21	6	22	11	34	37	44	30	18	11	45	41	33	0	27	43	0	2	14	23	47	10	47	38	14	48	44	33	17	33	7	6	49	8	7	9	1	45	48	6	37	42	30	2	49	17	19	1	11	43	41	34	49	23	28	10	49	13	9	26	5	48	13	11	1	37	33	35	6	18	7	19	2	45	16
46	26	5	21	33	24	24	32	40	16	33	30	34	45	46	1	2	0	39	33	36	12	16	34	40	41	14	9	26	12	6	5	39	35	18	32	29	18	36	15	35	46	44	4	30	43	0	10	28	42	4	46	49	21	7	33	9	24	3	30	29	47	49	6	41	48	39	35	49	27	1	20	33	49	22
2	44	1	4	16	3	6	13	28	16	4	22	31	44	15	20	14	39	0	1	1	31	41	37	43	21	45	1	18	2	28	17	28	3	25	39	40	18	29	4	8	11	28	38	26	10	10	44	41	16	39	33	14	8	15	10	19	7	27	28	32	28	8	29	13	2	20	37	14	13	39	7	28	33	42
3	46	42	12	36	19	1	12	24	16	23	26	17	22	32	37	23	33	1	0	3	34	20	1	19	5	6	37	43	6	9	4	44	23	20	32	3	21	25	34	9	34	3	1	12	3	31	8	0	16	30	45	45	4	15	15	8	21	32	25	36	12	43	4	48	27	8	4	10	34	24	3	10	9	7
39	36	42	3	20	24	36	4	15	39	29	26	11	9	46	20	47	36	1	3	0	37	33	35	37	43	29	39	3	25	39	48	34	10	11	26	3	38	3	32	17	16	10	10	21	15	45	16	25	18	9	17	39	31	48	32	20	42	18	40	3	36	22	31	23	13	45	33	19	19	11	10	5	2	20
15	42	45	39	2	13	49	13	39	37	10	45	24	44	3	45	10	12	31	34	37	0	11	10	20	4	41	20	17	18	15	33	14	31	25	15	30	40	33	25	46	19	7	5	3	17	3	25	47	25	10	34	11	4	27	11	6	7	19	46	21	40	8	32	41	6	2	30	13	15	47	46	37	7	43
21	6	42	31	18	37	11	9	39	26	6	14	26	4	48	42	47	16	41	20	33	11	0	0	1	37	45	38	37	32	40	45	13	24	17	27	20	48	36	30	36	23	9	41	17	39	4	39	13	12	27	2	39	12	47	39	30	3	27	8	6	13	13	45	6	6	12	35	19	11	43	10	1	14	35
12	45	1	46	9	11	42	29	25	19	7	21	7	27	20	39	38	34	37	1	35	10	0	0	37	40	20	3	18	49	15	34	20	27	8	37	35	19	21	16	30	34	10	30	23	5	24	2	12	29	21	3	5	19	48	47	37	33	17	5	1	7	48	23	40	38	31	12	0	42	16	10	24	35	19
36	1	3	15	29	1	5	47	1	19	46	43	34	34	10	21	14	40	43	19	37	20	1	37	0	11	14	12	23	7	12	46	27	3	49	1	26	2	41	5	2	41	33	8	47	31	22	15	20	9	39	12	36	41	39	23	32	1	32	26	47	25	14	39	48	44	12	3	29	26	38	21	30	6	37
11	37	34	48	36	33	0	31	42	49	27	23	2	12	31	1	48	41	21	5	43	4	37	40	11	0	39	41	3	13	23	47	7	4	37	8	1	0	17	21	48	44	8	10	7	16	14	10	16	49	10	48	27	16	27	0	2	45	6	10	40	13	16	37	31	34	43	10	38	36	12	31	38	21	10
3	1	9	45	0	44	1	30	9	7	49	34	17	8	46	8	44	14	45	6	29	41	45	20	14	39	0	40	24	16	41	32	40	48	5	8	27	45	19	9	42	8	36	2	46	28	36	40	35	29	6	16	26	35	8	10	15	6	21	5	20	1	5	17	25	27	25	33	28	28	6	15	27	27	4
25	19	18	31	30	6	33	3	37	47	10	44	19	42	27	10	33	9	1	37	39	20	38	3	12	41	40	0	44	37	41	2	9	8	33	47	30	30	5	41	16	12	12	6	16	2	45	7	49	13	0	21	7	37	45	17	22	31	11	22	48	0	9	24	22	0	46	27	34	3	26	17	47	40	2
33	6	12	45	49	3	13	25	0	45	28	46	41	43	2	20	17	26	18	43	3	17	37	18	23	3	24	44	0	36	19	5	1	9	49	44	36	46	3	48	9	4	9	3	15	11	34	14	2	7	5	38	42	27	13	45	43	3	35	21	32	48	27	10	46	32	31	37	0	4	32	49	42	20	25
15	16	14	4	0	0	42	25	29	28	33	34	14	39	27	9	33	12	2	6	25	18	32	49	7	13	16	37	36	0	22	9	39	24	44	5	43	27	36	45	35	20	34	0	3	10	5	2	0	1	7	26	35	27	17	13	28	2	25	26	5	18	8	22	19	47	10	32	8	27	37	8	6	2	0
37	2	41	4	16	19	14	1	7	38	3	36	49	42	13	25	7	6	28	9	39	15	40	15	12	23	41	41	19	22	0	26	6	8	0	8	4	49	37	41	34	34	35	48	1	13	38	6	36	15	15	16	45	8	13	6	26	38	9	48	34	1	46	13	3	0	40	25	6	26	48	25	47	13	42
47	49	12	48	28	24	37	0	22	19	14	24	47	20	37	43	6	5	17	4	48	33	45	34	46	47	32	2	5	9	26	0	8	2	32	37	2	34	19	6	24	27	3	22	26	32	46	48	48	36	46	5	1	7	42	3	30	24	17	1	26	30	45	38	45	43	34	2	11	0	30	16	36	4	30
41	44	38	28	9	26	13	32	44	25	25	5	7	48	29	17	49	39	28	44	34	14	13	20	27	7	40	9	1	39	6	8	0	35	20	3	6	10	22	38	36	39	10	25	13	7	34	6	37	29	5	22	13	24	45	23	1	3	40	5	31	24	9	17	45	9	4	6	21	31	23	18	4	13	43
37	27	33	38	24	23	42	7	35	4	33	25	2	4	41	19	8	35	3	23	10	31	24	27	3	4	48	8	9	24	8	2	35	0	34	6	6	46	3	16	18	39	16	45	37	32	13	7	21	24	6	2	31	5	45	12	4	20	30	17	33	27	45	41	11	17	8	9	37	0	49	31	32	23	12
5	16	47	13	41	8	39	23	48	24	32	0	14	11	32	19	7	18	25	20	11	25	17	8	49	37	5	33	49	44	0	32	20	34	0	45	37	49	6	16	23	40	23	16	8	5	27	6	24	31	21	47	17	9	38	38	21	17	26	2	1	39	36	6	48	30	1	5	38	24	35	37	1	4	42
25	8	45	13	39	4	22	11	30	34	23	35	6	17	49	43	9	32	39	32	26	15	27	37	1	8	8	47	44	5	8	37	3	6	45	0	5	14	6	21	31	28	35	48	9	8	29	35	3	18	44	32	42	0	15	14	21	37	32	3	15	45	45	6	46	28	34	4	41	26	38	43	0	28	46
24	26	7	17	12	36	10	35	19	12	18	24	31	14	1	24	1	29	40	3	3	30	20	35	26	1	27	30	36	43	4	2	6	6	37	5	0	5	13	25	46	41	13	15	7	24	43	12	27	16	23	31	1	25	47	47	48	12	8	41	20	35	36	12	6	42	25	40	16	27	29	7	7	6	24
38	15	31	17	43	10	18	33	40	16	25	44	24	29	24	38	45	18	18	21	38	40	48	19	2	0	45	30	46	27	49	34	10	46	49	14	5	0	32	48	11	43	42	17	48	18	21	21	11	43	38	27	34	10	13	9	12	45	6	49	15	4	15	27	8	7	36	20	46	48	43	28	41	10	1
13	22	7	33	33	21	1	35	36	19	3	6	4	3	35	46	48	36	29	25	3	33	36	21	41	17	19	5	3	36	37	19	22	3	6	6	13	32	0	43	2	0	47	20	39	28	16	48	18	7	14	31	12	4	5	33	17	40	8	10	5	31	47	20	8	42	33	10	18	46	17	29	31	14	14
9	30	27	18	16	9	16	2	36	11	3	22	22	21	8	8	6	15	4	34	32	25	30	16	5	21	9	41	48	45	41	6	38	16	16	21	25	48	43	0	6	2	4	12	38	48	19	47	2	23	2	13	10	47	39	48	40	43	8	43	47	48	33	30	34	7	39	25	32	13	45	31	6	48	35
44	9	31	0	49	17	48	2	8	38	38	2	38	13	35	3	37	35	8	9	17	46	36	30	2	48	42	16	9	35	34	24	36	18	23	31	46	11	2	6	0	1	19	36	17	45	23	32	1	14	29	8	0	5	33	37	0	7	28	40	28	11	35	22	0	33	11	38	3	37	2	15	12	7	39
23	13	29	6	12	3	8	26	18	13	10	47	47	7	36	39	42	46	11	34	16	19	23	34	41	44	8	12	4	20	34	27	39	39	40	28	41	43	0	2	1	0	37	31	47	45	49	46	28	30	33	39	19	8	41	48	39	32	37	21	30	20	28	30	33	24	8	27	23	11	10	13	16	47	1
5	42	35	22	11	31	9	34	2	35	46	36	3	23	28	43	30	44	28	3	10	7	9	10	33	8	36	12	9	34	35	3	10	16	23	35	13	42	47	4	19	37	0	36	42	49	11	32	8	9	44	39	31	11	47	8	14	3	1	17	4	25	9	19	8	9	9	28	21	12	25	28	8	19	22
41	2	29	7	45	37	17	39	24	26	35	32	8	6	13	27	2	4	38	1	10	5	41	30	8	10	2	6	3	0	48	22	25	45	16	48	15	17	20	12	36	31	36	0	18	16	7	39	49	2	19	15	47	19	0	29	10	7	9	40	34	11	47	46	29	30	15	48	19	27	39	0	22	32	19
19	26	37	35	20	29	21	26	34	0	10	28	16	40	36	38	49	30	26	12	21	3	17	23	47	7	46	16	15	3	1	26	13	37	8	9	7	48	39	38	17	47	42	18	0	46	30	45	35	8	35	5	33	30	19	25	37	18	30	38	28	15	1	2	7	23	8	28	8	24	32	18	6	45	4
18	5	26	13	49	19	47	21	14	8	11	2	27	8	44	8	17	43	10	3	15	17	39	5	31	16	28	2	11	10	13	32	7	32	5	8	24	18	28	48	45	45	49	16	46	0	28	20	39	6	35	35	30	23	48	29	1	14	21	8	28	37	25	40	26	18	30	29	36	16	7	46	26	18	28
37	16	11	20	11	39	26	13	48	10	20	7	5	18	3	33	19	0	10	31	45	3	4	24	22	14	36	45	34	5	38	46	34	13	27	29	43	21	16	19	23	49	11	7	30	28	0	11	36	16	30	18	48	20	36	12	20	3	8	18	30	19	40	40	11	4	13	11	17	40	39	3	4	16	16
45	32	37	44	45	17	12	33	23	7	14	17	10	34	14	9	1	10	44	8	16	25	39	2	15	10	40	7	14	2	6	48	6	7	6	35	12	21	48	47	32	46	32	39	45	20	11	0	11	14	37	34	22	32	36	40	22	9	16	14	19	6	1	33	38	5	34	1	11	11	18	43	13	44	8
8	31	36	12	31	28	16	28	13	3	10	1	49	33	18	49	11	28	41	0	25	47	13	12	20	16	35	49	2	0	36	48	37	21	24	3	27	11	18	2	1	28	8	49	35	39	36	11	0	43	5	29	9	11	9	16	29	27	40	27	43	20	9	15	38	22	3	14	1	45	1	29	25	18	4
13	17	47	10	31	49	47	12	34	24	13	10	19	23	42	13	43	42	16	16	18	25	12	29	9	49	29	13	7	1	15	36	29	24	31	18	16	43	7	23	14	30	9	2	8	6	16	14	43	0	15	19	47	4	19	12	3	12	1	34	16	9	45	49	11	11	33	29	39	8	3	21	39	4	24
42	10	11	16	32	32	36	26	3	18	19	20	49	14	1	6	41	4	39	30	9	10	27	21	39	10	6	0	5	7	15	46	5	6	21	44	23	38	14	2	29	33	44	19	35	35	30	37	5	15	0	17	10	7	7	18	0	37	40	11	14	35	7	21	20	10	45	21	22	44	18	42	38	37	13
44	3	19	47	15	2	41	44	3	4	5	9	10	32	36	20	34	46	33	45	17	34	2	3	12	48	16	21	38	26	16	5	22	2	47	32	31	27	31	13	8	39	39	15	5	35	18	34	29	19	17	0	17	28	11	32	2	20	4	22	12	17	12	34	33	19	40	36	34	38	14	14	48	21	23
46	15	46	26	2	31	33	40	31	26	49	37	19	10	8	0	49	49	14	45	39	11	39	5	36	27	26	7	42	35	45	1	13	31	17	42	1	34	12	10	0	19	31	47	33	30	48	22	9	47	10	17	0	25	40	15	14	33	37	23	27	43	45	26	2	6	6	7	15	44	16	20	35	47	4
4	30	7	8	20	37	1	12	36	49	38	49	24	9	44	47	23	21	8	4	31	4	12	19	41	16	35	37	27	27	8	7	24	5	9	0	25	10	4	47	5	8	11	19	30	23	20	32	11	4	7	28	25	0	29	18	43	1	20	0	19	13	13	42	14	10	35	12	32	15	32	19	14	48	18
0	17	30	17	6	9	7	38	38	22	15	21	7	47	5	25	28	7	15	15	48	27	47	48	39	27	8	45	13	17	13	42	45	45	38	15	47	13	5	39	33	41	47	0	19	48	36	36	9	19	7	11	40	29	0	34	41	36	36	23	31	9	3	36	6	30	10	17	40	31	5	27	8	47	38
7	17	17	2	24	44	47	12	39	2	3	40	42	18	29	45	10	33	10	15	32	11	39	47	23	0	10	17	45	13	6	3	23	12	38	14	47	9	33	48	37	48	8	29	25	29	12	40	16	12	18	32	15	18	34	0	6	36	43	30	3	18	23	9	38	29	5	0	42	39	36	10	38	20	37
22	16	43	9	38	18	21	3	44	45	33	25	0	48	5	20	49	9	19	8	20	6	30	37	32	2	15	22	43	28	26	30	1	4	21	21	48	12	17	40	0	39	14	10	37	1	20	22	29	3	0	2	14	43	41	6	0	14	16	13	23	26	39	17	12	10	45	1	35	9	16	33	43	4	1
29	14	9	49	39	17	40	3	20	15	42	29	1	47	34	6	13	24	7	21	42	7	3	33	1	45	6	31	3	2	38	24	3	20	17	37	12	45	40	43	7	32	3	7	18	14	3	9	27	12	37	20	33	1	36	36	14	0	31	17	44	11	42	38	43	35	17	4	40	46	37	37	6	35	0
26	15	47	22	30	32	5	9	25	5	7	44	34	23	3	5	9	3	27	32	18	19	27	17	32	6	21	11	35	25	9	17	40	30	26	32	8	6	8	8	28	37	1	9	30	21	8	16	40	1	40	4	37	20	36	43	16	31	0	37	41	8	13	25	0	18	8	17	12	46	32	34	11	21	42
12	7	33	0	39	40	36	37	1	34	1	5	16	23	33	37	26	30	28	25	40	46	8	5	26	10	5	22	21	26	48	1	5	17	2	3	41	49	10	43	40	21	17	40	38	8	18	14	27	34	11	22	23	0	23	30	13	17	37	0	3	3	30	31	47	3	42	16	38	8	5	37	32	23	38
3	14	40	23	47	6	27	26	39	45	15	17	34	19	40	16	5	29	32	36	3	21	6	1	47	40	20	48	32	5	34	26	31	33	1	15	20	15	5	47	28	30	4	34	28	28	30	19	43	16	14	12	27	19	31	3	23	44	41	3	0	1	37	29	9	15	44	37	20	1	7	41	22	11	29
5	4	46	11	44	20	0	2	16	34	13	24	7	3	33	21	48	47	28	12	36	40	13	7	25	13	1	0	48	18	1	30	24	27	39	45	35	4	31	48	11	20	25	11	15	37	19	6	20	9	35	17	43	13	9	18	26	11	8	3	1	0	9	26	7	4	3	44	15	45	13	2	6	48	33
24	4	6	12	34	33	38	11	5	38	25	39	12	0	1	14	13	49	8	43	22	8	13	48	14	16	5	9	27	8	46	45	9	45	36	45	36	15	47	33	35	28	9	47	1	25	40	1	9	45	7	12	45	13	3	23	39	42	13	30	37	9	0	34	6	9	49	2	4	8	22	7	30	10	33
19	37	24	9	5	45	5	10	32	37	20	14	33	34	49	13	11	6	29	4	31	32	45	23	39	37	17	24	10	22	13	38	17	41	6	6	12	27	20	30	22	30	19	46	2	40	40	33	15	49	21	34	26	42	36	9	17	38	25	31	29	26	34	0	25	44	36	27	41	32	25	41	1	35	34
33	36	10	34	28	18	32	8	45	5	27	27	18	37	44	4	1	41	13	48	23	41	6	40	48	31	25	22	46	19	3	45	45	11	48	46	6	8	8	34	0	33	8	29	7	26	11	38	38	11	20	33	2	14	6	38	12	43	0	47	9	7	6	25	0	3	32	17	11	7	12	33	48	21	8
9	21	20	28	8	10	5	9	14	24	2	20	26	24	1	12	37	48	2	27	13	6	6	38	44	34	27	0	32	47	0	43	9	17	30	28	42	7	42	7	33	24	9	30	23	18	4	5	22	11	10	19	6	10	30	29	10	35	18	3	15	4	9	44	3	0	16	39	49	9	18	42	41	40	24
31	2	12	6	7	10	30	29	38	1	2	39	13	21	20	16	33	39	20	8	45	2	12	31	12	43	25	46	31	10	40	34	4	8	1	34	25	36	33	39	11	8	9	15	8	30	13	34	3	33	45	40	6	35	10	5	45	17	8	42	44	3	49	36	32	16	0	43	6	5	41	40	0	34	23
38	10	16	35	3	16	22	7	45	3	36	27	25	10	30	21	35	35	37	4	33	30	35	12	3	10	33	27	37	32	25	2	6	9	5	4	40	20	10	25	38	27	28	48	28	29	11	1	14	29	21	36	7	12	17	0	1	4	17	16	37	44	2	27	17	39	43	0	33	38	35	4	2	17	33
33	12	40	8	0	42	35	4	19	4	15	15	6	5	25	18	6	49	14	10	19	13	19	0	29	38	28	34	0	8	6	11	21	37	38	41	16	46	18	32	3	23	21	19	8	36	17	11	1	39	22	34	15	32	40	42	35	40	12	38	20	15	4	41	11	49	6	33	0	15	3	42	41	2	24
15	17	13	15	16	7	29	24	42	29	19	25	6	8	6	35	18	27	13	34	19	15	11	42	26	36	28	3	4	27	26	0	31	0	24	26	27	48	46	13	37	11	12	27	24	16	40	11	45	8	44	38	44	15	31	39	9	46	46	8	1	45	8	32	7	9	5	38	15	0	34	34	8	8	14
6	16	12	30	1	10	29	3	28	23	42	6	44	0	37	11	7	1	39	24	11	47	43	16	38	12	6	26	32	37	48	30	23	49	35	38	29	43	17	45	2	10	25	39	32	7	39	18	1	3	18	14	16	32	5	36	16	37	32	5	7	13	22	25	12	18	41	35	3	34	0	43	28	22	34
4	46	29	28	45	30	29	8	34	18	23	31	39	1	8	44	19	20	7	3	10	46	10	10	21	31	15	17	49	8	25	16	18	31	37	43	7	28	29	31	15	13	28	0	18	46	3	43	29	21	42	14	20	19	27	10	33	37	34	37	41	2	7	41	33	42	40	4	42	34	43	0	14	8	44
27	13	33	46	39	48	6	3	16	36	12	33	8	34	32	1	2	33	28	10	5	37	1	24	30	38	27	47	42	6	47	36	4	32	1	0	7	41	31	6	12	16	8	22	6	26	4	13	25	39	38	48	35	14	8	38	43	6	11	32	22	6	30	1	48	41	0	2	41	8	28	14	0	39	17
9	3	41	12	28	36	4	39	23	12	23	42	46	15	16	7	45	49	33	9	2	7	14	35	6	21	27	40	20	2	13	4	13	23	4	28	6	10	14	48	7	47	19	32	45	18	16	44	18	4	37	21	47	48	47	20	4	35	21	23	11	48	10	35	21	40	34	17	2	8	22	8	39	0	15
29	37	49	43	3	43	23	36	48	36	11	4	24	39	25	47	16	22	42	7	20	43	35	19	37	10	4	2	25	0	42	30	43	12	42	46	24	1	14	35	39	1	22	19	4	28	16	8	4	24	13	23	4	18	38	37	1	0	42	38	29	33	33	34	8	24	23	33	24	14	34	44	17	15	0
