50
1	 12	 2576	 2658	 41	 49
2	 62	 1046	 1052	 0	 22
3	 70	 1488	 1572	 6	 73
4	 6	 2174	 2206	 61	 66
5	 88	 2646	 2714	 28	 37
6	 26	 2317	 2347	 19	 25
7	 35	 2732	 2774	 1	 70
8	 96	 2862	 2898	 9	 57
9	 30	 1386	 1410	 70	 88
10	 48	 1192	 1222	 7	 47
11	 91	 2867	 2951	 29	 47
12	 62	 1349	 1417	 11	 32
13	 24	 1008	 1056	 32	 93
14	 66	 2073	 2117	 9	 25
15	 13	 2482	 2552	 28	 40
16	 17	 3046	 3052	 22	 49
17	 97	 2725	 2769	 70	 92
18	 66	 1095	 1113	 23	 88
19	 97	 1751	 1825	 2	 53
20	 10	 1869	 1933	 17	 56
21	 21	 1142	 1224	 14	 93
22	 24	 2030	 2098	 7	 53
23	 87	 984	 1068	 38	 56
24	 28	 1405	 1453	 35	 59
25	 31	 1856	 1866	 45	 61
26	 27	 1617	 1677	 4	 52
27	 56	 2021	 2083	 35	 40
28	 21	 2187	 2227	 7	 90
29	 87	 1011	 1065	 8	 52
30	 80	 2601	 2633	 36	 98
31	 8	 1954	 1974	 21	 30
32	 28	 1728	 1746	 18	 70
33	 69	 2315	 2351	 16	 85
34	 42	 1375	 1433	 0	 57
35	 6	 996	 1032	 28	 37
36	 83	 1801	 1869	 5	 32
37	 6	 998	 1078	 41	 81
38	 56	 1075	 1105	 7	 66
39	 84	 2899	 2953	 6	 47
40	 45	 1080	 1116	 25	 57
41	 4	 2187	 2207	 32	 41
42	 88	 1667	 1687	 59	 64
43	 10	 1931	 1999	 61	 67
44	 72	 2742	 2754	 81	 98
45	 23	 1996	 2066	 45	 46
46	 30	 1810	 1882	 7	 95
47	 10	 998	 1022	 50	 95
48	 10	 1949	 1999	 32	 77
49	 19	 2348	 2400	 21	 84
50	 69	 2873	 2895	 2	 25
0	34	25	13	32	9	41	44	10	29	4	1	32	0	32	48	32	13	34	15	5	33	42	27	30	24	24	43	38	16	34	14	33	2	40	9	36	47	31	9	5	9	16	28	6	9	11	5	37	1
34	0	5	22	29	21	19	44	45	43	16	24	26	8	28	32	49	26	45	10	25	3	18	31	9	10	23	31	30	48	46	37	8	4	36	0	22	14	13	43	13	14	6	9	12	38	14	19	45	2
25	5	0	15	37	3	20	43	41	0	6	14	2	21	1	18	3	43	49	33	27	29	29	3	45	34	44	10	20	6	4	11	7	4	43	35	21	28	40	46	29	29	20	29	39	11	48	39	22	5
13	22	15	0	1	3	19	11	15	36	41	48	28	43	11	15	19	10	29	24	45	3	16	45	16	12	9	39	43	41	41	26	32	26	7	4	35	31	3	12	4	28	15	32	42	16	36	13	3	11
32	29	37	1	0	27	23	30	26	12	2	2	11	19	31	28	22	1	40	43	19	10	8	1	3	18	16	3	37	1	31	9	32	28	18	44	5	41	42	27	16	28	31	24	13	2	4	28	41	46
9	21	3	3	27	0	25	25	44	40	39	45	10	31	37	15	18	12	10	32	41	14	11	3	19	40	25	11	8	41	42	31	38	2	46	7	20	23	24	9	5	38	38	12	2	27	14	38	22	43
41	19	20	19	23	25	0	11	0	26	11	7	14	43	14	26	11	49	29	6	20	43	37	11	4	17	21	43	11	5	21	1	21	37	27	7	15	11	4	40	2	36	28	5	38	26	6	9	48	1
44	44	43	11	30	25	11	0	32	25	7	6	44	20	42	47	47	22	2	12	46	18	29	2	13	36	4	49	26	32	19	43	22	4	2	42	8	3	0	20	25	13	27	36	7	42	9	2	41	32
10	45	41	15	26	44	0	32	0	14	13	34	35	39	10	38	22	14	24	22	26	5	45	2	44	29	15	42	7	14	7	22	15	27	7	7	18	25	7	21	41	38	48	17	45	26	9	40	41	10
29	43	0	36	12	40	26	25	14	0	4	40	43	9	49	20	5	6	44	48	29	1	26	42	5	38	49	36	42	43	27	4	43	14	48	34	13	2	46	8	29	5	17	6	39	32	33	41	10	27
4	16	6	41	2	39	11	7	13	4	0	42	5	9	23	23	17	32	47	15	38	37	36	37	8	12	42	8	16	1	46	38	29	8	45	28	24	45	0	19	43	2	28	13	22	4	36	46	7	0
1	24	14	48	2	45	7	6	34	40	42	0	15	4	5	11	47	37	13	11	8	38	24	17	2	19	34	29	29	13	27	19	14	35	25	29	33	17	17	10	27	27	44	2	7	45	32	40	36	44
32	26	2	28	11	10	14	44	35	43	5	15	0	30	22	10	15	47	43	12	19	17	41	3	40	9	48	0	36	35	43	17	31	9	37	43	34	15	16	13	5	15	7	31	46	6	45	39	9	45
0	8	21	43	19	31	43	20	39	9	9	4	30	0	23	15	33	0	13	39	6	21	1	8	25	10	28	37	1	31	17	33	20	33	40	0	33	10	4	9	21	38	6	37	18	31	31	17	42	25
32	28	1	11	31	37	14	42	10	49	23	5	22	23	0	21	32	3	8	32	44	7	25	32	16	9	26	10	35	35	45	31	38	41	29	38	19	44	23	46	42	34	29	11	24	44	47	9	47	32
48	32	18	15	28	15	26	47	38	20	23	11	10	15	21	0	7	2	19	19	8	17	22	9	0	21	24	13	45	44	49	25	0	13	45	47	35	9	13	17	28	4	24	2	38	5	11	16	27	9
32	49	3	19	22	18	11	47	22	5	17	47	15	33	32	7	0	22	43	38	18	0	37	10	26	8	23	4	8	10	20	44	1	9	14	46	18	48	40	35	7	9	26	15	36	48	42	33	43	24
13	26	43	10	1	12	49	22	14	6	32	37	47	0	3	2	22	0	2	47	14	9	2	6	38	29	3	37	15	11	12	16	46	14	46	0	7	5	6	32	16	26	4	36	39	4	12	16	4	22
34	45	49	29	40	10	29	2	24	44	47	13	43	13	8	19	43	2	0	36	10	34	3	3	8	38	16	5	35	37	31	8	1	23	21	38	35	1	28	10	34	12	23	2	16	46	11	46	24	26
15	10	33	24	43	32	6	12	22	48	15	11	12	39	32	19	38	47	36	0	44	23	45	41	35	45	4	29	37	35	7	46	12	29	5	16	12	12	25	31	46	10	4	16	4	46	6	9	33	5
5	25	27	45	19	41	20	46	26	29	38	8	19	6	44	8	18	14	10	44	0	13	2	40	0	44	39	27	27	31	30	28	35	8	16	13	37	43	39	49	10	26	12	33	43	42	2	44	9	38
33	3	29	3	10	14	43	18	5	1	37	38	17	21	7	17	0	9	34	23	13	0	6	29	18	41	19	0	3	49	21	20	8	33	15	3	48	4	37	47	1	5	2	14	34	0	18	21	11	30
42	18	29	16	8	11	37	29	45	26	36	24	41	1	25	22	37	2	3	45	2	6	0	4	3	25	13	16	30	21	18	3	3	3	1	12	40	30	0	8	4	29	5	25	43	24	48	38	5	9
27	31	3	45	1	3	11	2	2	42	37	17	3	8	32	9	10	6	3	41	40	29	4	0	36	43	35	47	14	11	29	12	11	27	44	45	46	13	47	21	1	30	36	38	6	17	31	19	13	31
30	9	45	16	3	19	4	13	44	5	8	2	40	25	16	0	26	38	8	35	0	18	3	36	0	48	10	3	38	25	5	19	6	19	31	3	42	31	48	33	44	48	4	23	31	9	36	43	7	4
24	10	34	12	18	40	17	36	29	38	12	19	9	10	9	21	8	29	38	45	44	41	25	43	48	0	46	49	34	17	4	33	8	12	5	1	45	40	32	9	28	31	36	27	27	40	26	43	17	11
24	23	44	9	16	25	21	4	15	49	42	34	48	28	26	24	23	3	16	4	39	19	13	35	10	46	0	31	0	43	12	42	31	34	6	23	34	45	5	23	18	24	2	17	15	39	33	9	4	8
43	31	10	39	3	11	43	49	42	36	8	29	0	37	10	13	4	37	5	29	27	0	16	47	3	49	31	0	24	30	46	16	30	26	25	12	37	29	49	34	6	6	35	18	9	25	12	43	9	14
38	30	20	43	37	8	11	26	7	42	16	29	36	1	35	45	8	15	35	37	27	3	30	14	38	34	0	24	0	45	9	8	35	42	6	37	44	48	26	46	13	48	9	17	18	6	35	24	40	5
16	48	6	41	1	41	5	32	14	43	1	13	35	31	35	44	10	11	37	35	31	49	21	11	25	17	43	30	45	0	34	9	33	31	29	45	39	8	31	30	20	36	19	20	12	4	13	36	41	7
34	46	4	41	31	42	21	19	7	27	46	27	43	17	45	49	20	12	31	7	30	21	18	29	5	4	12	46	9	34	0	8	39	34	41	8	14	29	0	17	16	2	1	27	37	38	34	39	4	15
14	37	11	26	9	31	1	43	22	4	38	19	17	33	31	25	44	16	8	46	28	20	3	12	19	33	42	16	8	9	8	0	28	10	13	19	12	24	42	49	48	30	9	36	18	13	4	2	3	17
33	8	7	32	32	38	21	22	15	43	29	14	31	20	38	0	1	46	1	12	35	8	3	11	6	8	31	30	35	33	39	28	0	25	28	36	22	43	46	34	31	0	30	14	9	44	35	49	4	42
2	4	4	26	28	2	37	4	27	14	8	35	9	33	41	13	9	14	23	29	8	33	3	27	19	12	34	26	42	31	34	10	25	0	40	16	30	39	48	13	3	0	34	32	33	32	11	49	42	20
40	36	43	7	18	46	27	2	7	48	45	25	37	40	29	45	14	46	21	5	16	15	1	44	31	5	6	25	6	29	41	13	28	40	0	4	30	37	30	46	30	27	4	5	37	10	40	16	16	44
9	0	35	4	44	7	7	42	7	34	28	29	43	0	38	47	46	0	38	16	13	3	12	45	3	1	23	12	37	45	8	19	36	16	4	0	43	28	10	8	8	43	18	37	27	47	43	5	43	15
36	22	21	35	5	20	15	8	18	13	24	33	34	33	19	35	18	7	35	12	37	48	40	46	42	45	34	37	44	39	14	12	22	30	30	43	0	14	19	25	11	43	43	27	46	30	21	30	42	5
47	14	28	31	41	23	11	3	25	2	45	17	15	10	44	9	48	5	1	12	43	4	30	13	31	40	45	29	48	8	29	24	43	39	37	28	14	0	0	39	24	38	48	38	41	41	31	13	43	19
31	13	40	3	42	24	4	0	7	46	0	17	16	4	23	13	40	6	28	25	39	37	0	47	48	32	5	49	26	31	0	42	46	48	30	10	19	0	0	29	2	4	37	43	23	20	23	23	9	38
9	43	46	12	27	9	40	20	21	8	19	10	13	9	46	17	35	32	10	31	49	47	8	21	33	9	23	34	46	30	17	49	34	13	46	8	25	39	29	0	43	38	30	45	32	7	17	18	39	25
5	13	29	4	16	5	2	25	41	29	43	27	5	21	42	28	7	16	34	46	10	1	4	1	44	28	18	6	13	20	16	48	31	3	30	8	11	24	2	43	0	23	30	49	11	44	16	39	19	36
9	14	29	28	28	38	36	13	38	5	2	27	15	38	34	4	9	26	12	10	26	5	29	30	48	31	24	6	48	36	2	30	0	0	27	43	43	38	4	38	23	0	41	21	47	26	17	35	10	2
16	6	20	15	31	38	28	27	48	17	28	44	7	6	29	24	26	4	23	4	12	2	5	36	4	36	2	35	9	19	1	9	30	34	4	18	43	48	37	30	30	41	0	13	2	48	38	37	7	28
28	9	29	32	24	12	5	36	17	6	13	2	31	37	11	2	15	36	2	16	33	14	25	38	23	27	17	18	17	20	27	36	14	32	5	37	27	38	43	45	49	21	13	0	40	45	29	35	37	16
6	12	39	42	13	2	38	7	45	39	22	7	46	18	24	38	36	39	16	4	43	34	43	6	31	27	15	9	18	12	37	18	9	33	37	27	46	41	23	32	11	47	2	40	0	42	26	8	10	33
9	38	11	16	2	27	26	42	26	32	4	45	6	31	44	5	48	4	46	46	42	0	24	17	9	40	39	25	6	4	38	13	44	32	10	47	30	41	20	7	44	26	48	45	42	0	37	3	48	19
11	14	48	36	4	14	6	9	9	33	36	32	45	31	47	11	42	12	11	6	2	18	48	31	36	26	33	12	35	13	34	4	35	11	40	43	21	31	23	17	16	17	38	29	26	37	0	35	8	37
5	19	39	13	28	38	9	2	40	41	46	40	39	17	9	16	33	16	46	9	44	21	38	19	43	43	9	43	24	36	39	2	49	49	16	5	30	13	23	18	39	35	37	35	8	3	35	0	18	37
37	45	22	3	41	22	48	41	41	10	7	36	9	42	47	27	43	4	24	33	9	11	5	13	7	17	4	9	40	41	4	3	4	42	16	43	42	43	9	39	19	10	7	37	10	48	8	18	0	8
1	2	5	11	46	43	1	32	10	27	0	44	45	25	32	9	24	22	26	5	38	30	9	31	4	11	8	14	5	7	15	17	42	20	44	15	5	19	38	25	36	2	28	16	33	19	37	37	8	0
