75
1	 26	 2447	 2465	 10	 66
2	 49	 1112	 1144	 89	 98
3	 24	 1759	 1807	 25	 85
4	 20	 3272	 3360	 74	 81
5	 48	 2856	 2904	 57	 70
6	 37	 3611	 3655	 1	 22
7	 10	 1282	 1300	 3	 76
8	 10	 1834	 1898	 3	 47
9	 13	 3928	 3968	 7	 76
10	 77	 1206	 1212	 38	 48
11	 64	 2345	 2385	 12	 25
12	 49	 1884	 1972	 1	 34
13	 1	 2913	 2993	 61	 81
14	 50	 1619	 1627	 57	 93
15	 39	 797	 861	 23	 58
16	 82	 1351	 1353	 90	 99
17	 13	 3236	 3290	 13	 65
18	 24	 1138	 1148	 40	 61
19	 60	 1786	 1812	 17	 89
20	 100	 3251	 3333	 38	 67
21	 65	 1096	 1170	 7	 47
22	 94	 1600	 1674	 23	 40
23	 28	 2208	 2232	 30	 33
24	 84	 1568	 1592	 0	 50
25	 29	 3929	 4017	 11	 55
26	 69	 1231	 1261	 21	 40
27	 23	 1343	 1397	 54	 80
28	 5	 2271	 2361	 2	 61
29	 90	 3906	 3966	 6	 23
30	 12	 2371	 2427	 32	 52
31	 58	 4199	 4283	 53	 71
32	 48	 4056	 4094	 50	 58
33	 10	 1028	 1072	 8	 89
34	 4	 3776	 3822	 30	 60
35	 46	 2814	 2860	 66	 80
36	 23	 2705	 2737	 36	 66
37	 88	 944	 982	 12	 55
38	 69	 2068	 2090	 19	 29
39	 74	 1328	 1412	 29	 87
40	 56	 857	 947	 2	 35
41	 19	 993	 1055	 21	 43
42	 52	 1637	 1727	 32	 49
43	 16	 1783	 1861	 5	 74
44	 74	 3914	 3952	 13	 21
45	 95	 1543	 1577	 6	 29
46	 18	 2051	 2115	 7	 21
47	 78	 3301	 3349	 29	 33
48	 95	 1510	 1520	 8	 88
49	 22	 4105	 4153	 73	 93
50	 66	 1305	 1307	 2	 74
51	 26	 2805	 2855	 32	 39
52	 29	 3872	 3932	 79	 99
53	 68	 1643	 1675	 14	 68
54	 91	 1027	 1051	 24	 51
55	 48	 3271	 3275	 17	 26
56	 61	 710	 782	 28	 91
57	 15	 1452	 1464	 1	 35
58	 52	 3185	 3191	 9	 100
59	 65	 2591	 2615	 40	 72
60	 90	 3703	 3717	 9	 27
61	 89	 1134	 1156	 4	 27
62	 13	 773	 775	 56	 67
63	 19	 1865	 1933	 55	 57
64	 24	 2067	 2151	 53	 57
65	 67	 1329	 1411	 55	 56
66	 26	 799	 873	 4	 57
67	 63	 3170	 3204	 76	 95
68	 27	 2912	 2930	 39	 79
69	 30	 2361	 2363	 27	 40
70	 62	 2250	 2264	 34	 36
71	 67	 2366	 2368	 69	 74
72	 69	 898	 982	 26	 59
73	 30	 841	 873	 34	 73
74	 95	 3039	 3131	 15	 31
75	 10	 1153	 1177	 46	 59
0	37	3	4	8	36	22	6	40	46	41	31	21	12	48	24	8	23	40	9	8	17	10	23	30	10	15	11	9	3	8	21	5	18	22	19	39	29	23	10	37	0	6	7	4	12	29	22	47	38	9	1	13	9	12	30	46	22	25	36	36	43	47	20	49	22	31	24	2	32	49	29	22	12	8
37	0	2	1	45	4	16	16	26	10	37	12	38	18	22	19	12	17	32	7	47	16	9	9	41	9	23	21	29	5	47	2	34	35	17	45	19	8	46	36	34	46	3	3	33	17	16	13	23	1	6	34	0	33	1	30	27	35	6	49	37	2	2	4	5	20	36	30	27	34	44	1	41	3	38
3	2	0	43	30	24	49	0	25	49	46	1	34	6	1	33	18	10	32	16	3	43	27	21	3	23	15	12	9	43	14	27	16	2	35	14	6	25	0	25	30	41	34	1	8	22	14	28	4	40	17	13	16	21	3	6	11	30	32	5	19	5	35	38	4	25	49	17	2	27	46	3	42	10	41
4	1	43	0	10	14	37	15	32	21	6	49	48	10	29	17	2	30	12	1	13	36	10	5	43	0	11	19	20	17	22	12	6	15	33	38	21	40	43	12	26	28	11	43	40	8	45	6	0	34	6	8	42	1	22	35	6	49	31	9	32	3	41	38	43	31	2	27	4	21	38	31	20	41	7
8	45	30	10	0	3	6	14	17	20	17	5	6	45	28	3	15	1	24	31	24	20	4	12	32	40	22	37	42	1	3	3	13	35	14	25	17	47	26	8	21	2	6	48	11	31	10	23	11	13	44	48	17	13	13	43	33	42	22	13	31	36	17	39	19	9	41	29	16	5	34	9	17	35	12
36	4	24	14	3	0	38	28	34	12	14	11	12	45	3	6	44	44	35	22	43	37	4	41	6	41	44	36	38	49	1	49	47	32	38	30	37	47	3	48	13	3	16	44	11	13	46	28	17	44	4	19	2	43	33	26	48	18	12	33	3	6	15	49	3	4	21	45	36	13	30	22	45	14	38
22	16	49	37	6	38	0	18	37	16	41	22	24	11	27	8	11	2	35	1	11	39	33	33	17	0	1	20	2	14	12	29	28	7	12	48	6	3	39	3	19	28	30	32	46	22	47	30	22	49	38	8	14	11	46	36	10	2	23	22	31	47	37	38	48	18	6	33	28	2	2	6	30	13	3
6	16	0	15	14	28	18	0	19	13	11	33	31	27	3	44	21	27	4	45	19	41	30	15	47	12	44	25	35	16	28	31	23	12	27	33	10	27	22	1	0	49	24	31	15	30	43	2	29	27	11	22	22	5	34	21	46	7	37	12	44	27	4	43	46	11	17	33	23	19	9	26	21	4	27
40	26	25	32	17	34	37	19	0	13	42	0	33	8	32	24	29	27	38	43	11	47	29	43	25	0	42	12	39	22	33	12	46	17	38	11	14	2	3	7	40	46	0	5	41	47	28	8	0	4	10	0	12	40	27	49	36	9	49	39	15	3	48	27	22	11	5	10	34	1	29	39	9	41	24
46	10	49	21	20	12	16	13	13	0	2	5	34	48	40	33	30	38	18	48	42	39	5	4	3	41	25	35	30	0	0	39	10	31	36	36	43	23	0	47	11	6	34	18	48	29	11	34	32	42	14	7	0	6	3	26	23	11	5	38	6	20	38	28	48	1	0	42	36	16	15	1	14	40	37
41	37	46	6	17	14	41	11	42	2	0	20	16	22	2	33	32	4	35	41	35	14	20	4	49	0	38	6	18	27	36	43	26	46	13	2	21	1	44	49	25	30	35	15	43	41	39	16	35	25	49	10	15	46	46	23	24	8	36	22	35	5	11	12	23	10	9	22	16	14	30	37	19	35	33
31	12	1	49	5	11	22	33	0	5	20	0	27	17	29	1	5	10	42	17	31	29	45	38	32	12	7	22	17	26	32	13	35	11	41	45	1	48	34	5	10	45	22	46	1	49	49	43	38	26	43	15	35	39	14	10	47	40	12	27	45	7	7	32	26	36	37	2	9	12	7	39	15	33	2
21	38	34	48	6	12	24	31	33	34	16	27	0	8	44	36	18	0	45	36	0	11	14	27	26	39	25	27	15	39	45	24	47	46	15	9	18	28	17	15	1	1	38	12	36	16	47	20	15	6	41	3	46	37	30	10	6	22	44	15	33	47	15	6	6	19	40	4	43	3	9	8	1	5	12
12	18	6	10	45	45	11	27	8	48	22	17	8	0	20	19	14	25	47	21	12	18	0	3	2	46	43	47	9	11	24	45	5	48	13	17	39	42	1	10	39	10	31	41	22	28	2	13	47	14	12	0	8	3	16	8	37	6	2	4	16	33	31	3	26	38	12	21	4	25	9	2	9	21	6
48	22	1	29	28	3	27	3	32	40	2	29	44	20	0	3	25	35	14	9	21	30	14	27	44	32	37	36	26	7	3	18	46	40	4	8	4	10	31	17	49	20	2	48	33	8	0	11	5	5	44	5	1	14	3	36	9	24	21	45	30	31	17	39	28	13	49	43	23	29	5	48	7	34	41
24	19	33	17	3	6	8	44	24	33	33	1	36	19	3	0	17	20	17	42	47	44	28	36	45	29	27	11	34	44	22	10	9	12	23	8	13	47	49	41	5	30	1	48	23	11	31	32	1	6	39	46	0	6	9	2	49	31	32	2	23	37	7	18	33	6	21	3	37	26	4	8	13	10	0
8	12	18	2	15	44	11	21	29	30	32	5	18	14	25	17	0	44	20	39	22	5	24	12	46	7	6	4	46	11	48	2	46	2	49	42	12	19	21	35	35	6	2	21	8	37	13	28	45	49	28	33	16	45	34	24	0	0	15	39	47	46	13	15	45	17	7	27	7	37	19	5	38	0	4
23	17	10	30	1	44	2	27	27	38	4	10	0	25	35	20	44	0	34	15	5	2	19	21	36	10	45	26	20	18	18	20	19	30	46	18	13	41	0	39	27	5	16	9	48	44	35	22	5	46	24	7	32	36	26	10	12	32	37	33	26	33	24	29	47	16	24	44	4	32	24	6	42	39	27
40	32	32	12	24	35	35	4	38	18	35	42	45	47	14	17	20	34	0	22	13	19	23	34	12	6	13	36	45	4	24	2	17	9	5	49	17	3	37	49	37	43	39	43	26	42	20	46	23	32	46	20	6	7	8	16	47	10	3	36	2	24	46	8	27	45	11	46	43	10	42	2	0	3	0
9	7	16	1	31	22	1	45	43	48	41	17	36	21	9	42	39	15	22	0	29	4	45	34	32	5	42	28	3	43	30	8	0	0	28	40	30	14	10	6	28	22	3	8	44	36	21	38	47	6	2	8	25	1	13	4	26	27	26	18	15	11	40	3	40	47	34	4	18	22	37	5	43	27	23
8	47	3	13	24	43	11	19	11	42	35	31	0	12	21	47	22	5	13	29	0	1	22	16	49	6	20	11	26	10	5	9	46	43	19	20	11	30	25	41	32	2	17	44	12	26	23	30	4	47	27	4	7	35	12	10	27	46	35	23	3	11	16	0	11	13	44	40	23	46	2	13	25	25	28
17	16	43	36	20	37	39	41	47	39	14	29	11	18	30	44	5	2	19	4	1	0	2	4	6	2	48	21	29	41	23	18	49	5	45	31	25	23	33	4	2	8	35	45	44	42	22	37	2	18	8	33	8	13	9	6	22	38	38	29	9	46	15	2	45	4	12	36	3	23	33	3	34	5	1
10	9	27	10	4	4	33	30	29	5	20	45	14	0	14	28	24	19	23	45	22	2	0	24	15	18	4	21	38	5	10	46	26	27	23	32	19	5	31	0	12	4	5	37	41	8	6	11	24	5	11	43	24	40	30	43	35	19	14	14	20	1	4	3	22	1	47	34	12	41	43	39	23	6	6
23	9	21	5	12	41	33	15	43	4	4	38	27	3	27	36	12	21	34	34	16	4	24	0	12	38	39	8	24	20	6	0	7	23	2	21	4	6	34	26	11	34	5	4	39	35	45	27	10	31	45	7	12	1	43	21	5	6	27	26	28	22	38	21	7	43	10	25	49	26	42	34	12	30	7
30	41	3	43	32	6	17	47	25	3	49	32	26	2	44	45	46	36	12	32	49	6	15	12	0	42	10	40	22	29	39	20	45	26	42	15	38	44	29	22	10	19	37	32	11	12	11	24	48	7	1	27	5	30	34	11	32	25	13	31	49	44	18	32	0	21	3	45	30	17	45	27	10	33	43
10	9	23	0	40	41	0	12	0	41	0	12	39	46	32	29	7	10	6	5	6	2	18	38	42	0	22	27	44	4	34	31	33	3	27	21	33	20	12	38	20	9	46	33	26	26	24	1	46	42	34	35	21	5	14	7	1	18	44	1	6	6	46	19	36	3	0	12	12	39	45	3	32	26	13
15	23	15	11	22	44	1	44	42	25	38	7	25	43	37	27	6	45	13	42	20	48	4	39	10	22	0	32	11	7	26	10	21	22	36	17	4	19	24	11	1	16	39	27	30	43	33	42	43	26	1	34	16	34	33	10	45	19	4	21	10	16	17	27	27	8	15	0	30	4	29	4	15	41	26
11	21	12	19	37	36	20	25	12	35	6	22	27	47	36	11	4	26	36	28	11	21	21	8	40	27	32	0	5	19	23	12	19	20	31	20	13	9	1	12	3	32	48	9	6	22	32	8	24	44	26	0	21	2	8	11	18	21	9	40	3	16	19	1	48	6	31	32	17	2	44	0	12	36	35
9	29	9	20	42	38	2	35	39	30	18	17	15	9	26	34	46	20	45	3	26	29	38	24	22	44	11	5	0	22	25	11	31	44	23	9	5	8	32	3	4	8	6	16	10	26	48	4	20	12	23	19	20	21	10	20	3	26	1	6	4	41	24	45	19	41	39	0	44	41	32	31	9	3	1
3	5	43	17	1	49	14	16	22	0	27	26	39	11	7	44	11	18	4	43	10	41	5	20	29	4	7	19	22	0	13	32	30	15	46	14	29	29	6	3	2	32	26	44	3	28	22	13	4	5	45	5	2	41	38	16	26	36	34	0	40	46	46	39	35	28	9	9	19	10	37	45	4	34	33
8	47	14	22	3	1	12	28	33	0	36	32	45	24	3	22	48	18	24	30	5	23	10	6	39	34	26	23	25	13	0	10	17	28	5	18	31	7	42	9	20	24	27	6	36	15	12	5	28	14	17	17	35	36	7	33	35	21	46	29	7	35	2	4	9	44	11	11	24	16	49	24	41	27	9
21	2	27	12	3	49	29	31	12	39	43	13	24	45	18	10	2	20	2	8	9	18	46	0	20	31	10	12	11	32	10	0	7	49	10	9	4	3	6	35	34	6	9	21	37	34	6	10	46	6	21	48	47	0	33	13	26	11	45	36	13	13	34	41	45	12	40	17	29	9	48	49	0	20	40
5	34	16	6	13	47	28	23	46	10	26	35	47	5	46	9	46	19	17	0	46	49	26	7	45	33	21	19	31	30	17	7	0	15	27	0	10	14	45	48	18	13	20	15	13	7	29	1	8	20	1	15	42	24	1	6	48	13	15	8	16	9	18	29	15	9	3	26	30	34	37	0	21	26	5
18	35	2	15	35	32	7	12	17	31	46	11	46	48	40	12	2	30	9	0	43	5	27	23	26	3	22	20	44	15	28	49	15	0	42	42	38	6	49	6	48	11	9	5	5	15	2	6	43	11	44	26	36	49	2	33	44	40	38	32	28	5	35	39	13	48	9	43	46	26	26	42	23	37	12
22	17	35	33	14	38	12	27	38	36	13	41	15	13	4	23	49	46	5	28	19	45	23	2	42	27	36	31	23	46	5	10	27	42	0	22	16	42	24	6	13	40	5	25	21	42	0	39	6	25	19	36	21	38	21	18	41	35	9	20	12	40	24	37	34	34	31	0	45	10	45	19	7	6	34
19	45	14	38	25	30	48	33	11	36	2	45	9	17	8	8	42	18	49	40	20	31	32	21	15	21	17	20	9	14	18	9	0	42	22	0	19	32	21	48	27	45	30	21	46	5	44	23	24	46	44	17	2	18	29	27	17	15	8	12	13	19	43	27	10	30	18	24	47	18	18	3	42	45	6
39	19	6	21	17	37	6	10	14	43	21	1	18	39	4	13	12	13	17	30	11	25	19	4	38	33	4	13	5	29	31	4	10	38	16	19	0	10	10	12	3	13	20	10	39	1	43	39	19	44	4	39	40	40	23	20	18	5	15	47	5	6	6	0	6	8	4	28	24	22	28	2	9	41	3
29	8	25	40	47	47	3	27	2	23	1	48	28	42	10	47	19	41	3	14	30	23	5	6	44	20	19	9	8	29	7	3	14	6	42	32	10	0	12	2	35	28	28	35	5	12	24	17	6	0	40	12	32	26	46	18	43	24	12	26	8	35	35	26	15	19	43	49	41	41	7	47	21	0	11
23	46	0	43	26	3	39	22	3	0	44	34	17	1	31	49	21	0	37	10	25	33	31	34	29	12	24	1	32	6	42	6	45	49	24	21	10	12	0	41	44	3	26	49	8	14	34	38	46	1	15	29	13	4	41	41	29	46	6	41	8	14	44	46	39	36	48	28	22	35	17	12	33	44	0
10	36	25	12	8	48	3	1	7	47	49	5	15	10	17	41	35	39	49	6	41	4	0	26	22	38	11	12	3	3	9	35	48	6	6	48	12	2	41	0	38	0	8	42	38	34	8	49	21	39	25	18	35	44	48	43	23	29	11	11	26	10	22	6	9	41	11	3	40	4	29	43	45	18	16
37	34	30	26	21	13	19	0	40	11	25	10	1	39	49	5	35	27	37	28	32	2	12	11	10	20	1	3	4	2	20	34	18	48	13	27	3	35	44	38	0	36	49	31	35	42	48	36	10	18	25	29	27	43	19	42	36	24	26	11	12	11	4	12	28	18	36	25	8	2	30	24	17	41	27
0	46	41	28	2	3	28	49	46	6	30	45	1	10	20	30	6	5	43	22	2	8	4	34	19	9	16	32	8	32	24	6	13	11	40	45	13	28	3	0	36	0	11	11	27	22	21	26	4	19	38	9	46	3	29	22	3	33	15	38	31	24	14	6	10	4	34	43	0	43	14	4	0	20	21
6	3	34	11	6	16	30	24	0	34	35	22	38	31	2	1	2	16	39	3	17	35	5	5	37	46	39	48	6	26	27	9	20	9	5	30	20	28	26	8	49	11	0	24	33	35	12	2	29	9	4	35	2	27	1	44	11	4	36	7	45	5	15	11	13	4	45	22	8	45	36	46	39	8	11
7	3	1	43	48	44	32	31	5	18	15	46	12	41	48	48	21	9	43	8	44	45	37	4	32	33	27	9	16	44	6	21	15	5	25	21	10	35	49	42	31	11	24	0	35	7	18	1	21	11	3	33	21	12	8	40	21	14	6	49	47	28	46	26	42	8	34	0	48	32	23	28	31	33	6
4	33	8	40	11	11	46	15	41	48	43	1	36	22	33	23	8	48	26	44	12	44	41	39	11	26	30	6	10	3	36	37	13	5	21	46	39	5	8	38	35	27	33	35	0	33	47	49	8	49	43	11	14	43	11	3	10	44	49	18	44	11	5	7	8	33	13	25	6	4	23	20	39	39	20
12	17	22	8	31	13	22	30	47	29	41	49	16	28	8	11	37	44	42	36	26	42	8	35	12	26	43	22	26	28	15	34	7	15	42	5	1	12	14	34	42	22	35	7	33	0	16	17	15	13	38	8	35	10	20	9	3	46	12	3	35	33	2	33	12	34	2	0	39	19	0	9	27	7	40
29	16	14	45	10	46	47	43	28	11	39	49	47	2	0	31	13	35	20	21	23	22	6	45	11	24	33	32	48	22	12	6	29	2	0	44	43	24	34	8	48	21	12	18	47	16	0	46	14	29	14	4	26	31	6	11	27	23	8	6	44	7	27	0	10	26	0	31	14	36	11	21	27	8	25
22	13	28	6	23	28	30	2	8	34	16	43	20	13	11	32	28	22	46	38	30	37	11	27	24	1	42	8	4	13	5	10	1	6	39	23	39	17	38	49	36	26	2	1	49	17	46	0	1	41	46	44	7	20	24	8	41	32	9	32	2	3	32	24	7	31	33	13	39	9	44	12	5	19	40
47	23	4	0	11	17	22	29	0	32	35	38	15	47	5	1	45	5	23	47	4	2	24	10	48	46	43	24	20	4	28	46	8	43	6	24	19	6	46	21	10	4	29	21	8	15	14	1	0	49	4	4	47	9	34	19	24	13	40	48	27	7	45	0	6	38	2	17	9	24	20	46	33	1	36
38	1	40	34	13	44	49	27	4	42	25	26	6	14	5	6	49	46	32	6	47	18	5	31	7	42	26	44	12	5	14	6	20	11	25	46	44	0	1	39	18	19	9	11	49	13	29	41	49	0	0	7	23	9	43	40	11	39	20	46	28	40	34	8	31	11	12	8	35	37	38	35	38	6	46
9	6	17	6	44	4	38	11	10	14	49	43	41	12	44	39	28	24	46	2	27	8	11	45	1	34	1	26	23	45	17	21	1	44	19	44	4	40	15	25	25	38	4	3	43	38	14	46	4	0	0	17	19	26	36	43	44	29	30	23	41	44	16	0	27	1	48	39	9	42	7	1	4	7	14
1	34	13	8	48	19	8	22	0	7	10	15	3	0	5	46	33	7	20	8	4	33	43	7	27	35	34	0	19	5	17	48	15	26	36	17	39	12	29	18	29	9	35	33	11	8	4	44	4	7	17	0	15	2	3	42	24	38	34	42	20	0	1	10	40	10	35	19	14	24	1	3	39	2	7
13	0	16	42	17	2	14	22	12	0	15	35	46	8	1	0	16	32	6	25	7	8	24	12	5	21	16	21	20	2	35	47	42	36	21	2	40	32	13	35	27	46	2	21	14	35	26	7	47	23	19	15	0	42	43	33	21	30	7	28	29	46	22	4	33	20	10	29	49	49	29	35	19	15	2
9	33	21	1	13	43	11	5	40	6	46	39	37	3	14	6	45	36	7	1	35	13	40	1	30	5	34	2	21	41	36	0	24	49	38	18	40	26	4	44	43	3	27	12	43	10	31	20	9	9	26	2	42	0	39	3	35	14	44	23	48	0	46	13	6	11	32	7	47	29	29	30	6	47	21
12	1	3	22	13	33	46	34	27	3	46	14	30	16	3	9	34	26	8	13	12	9	30	43	34	14	33	8	10	38	7	33	1	2	21	29	23	46	41	48	19	29	1	8	11	20	6	24	34	43	36	3	43	39	0	23	7	27	11	25	2	24	24	46	11	15	1	12	46	46	49	35	18	23	30
30	30	6	35	43	26	36	21	49	26	23	10	10	8	36	2	24	10	16	4	10	6	43	21	11	7	10	11	20	16	33	13	6	33	18	27	20	18	41	43	42	22	44	40	3	9	11	8	19	40	43	42	33	3	23	0	37	4	41	47	32	34	40	49	22	45	4	32	17	29	6	49	1	12	6
46	27	11	6	33	48	10	46	36	23	24	47	6	37	9	49	0	12	47	26	27	22	35	5	32	1	45	18	3	26	35	26	48	44	41	17	18	43	29	23	36	3	11	21	10	3	27	41	24	11	44	24	21	35	7	37	0	5	5	3	0	26	3	7	28	13	9	7	4	7	23	11	46	32	5
22	35	30	49	42	18	2	7	9	11	8	40	22	6	24	31	0	32	10	27	46	38	19	6	25	18	19	21	26	36	21	11	13	40	35	15	5	24	46	29	24	33	4	14	44	46	23	32	13	39	29	38	30	14	27	4	5	0	0	33	28	41	44	20	22	13	36	14	27	3	2	26	7	39	9
25	6	32	31	22	12	23	37	49	5	36	12	44	2	21	32	15	37	3	26	35	38	14	27	13	44	4	9	1	34	46	45	15	38	9	8	15	12	6	11	26	15	36	6	49	12	8	9	40	20	30	34	7	44	11	41	5	0	0	6	10	8	14	14	9	2	4	49	11	21	36	20	26	0	8
36	49	5	9	13	33	22	12	39	38	22	27	15	4	45	2	39	33	36	18	23	29	14	26	31	1	21	40	6	0	29	36	8	32	20	12	47	26	41	11	11	38	7	49	18	3	6	32	48	46	23	42	28	23	25	47	3	33	6	0	13	12	40	8	12	39	27	6	4	32	16	41	23	25	5
36	37	19	32	31	3	31	44	15	6	35	45	33	16	30	23	47	26	2	15	3	9	20	28	49	6	10	3	4	40	7	13	16	28	12	13	5	8	8	26	12	31	45	47	44	35	44	2	27	28	41	20	29	48	2	32	0	28	10	13	0	42	36	32	9	34	1	19	47	1	14	10	37	18	46
43	2	5	3	36	6	47	27	3	20	5	7	47	33	31	37	46	33	24	11	11	46	1	22	44	6	16	16	41	46	35	13	9	5	40	19	6	35	14	10	11	24	5	28	11	33	7	3	7	40	44	0	46	0	24	34	26	41	8	12	42	0	6	35	11	47	24	25	31	26	34	23	29	29	10
47	2	35	41	17	15	37	4	48	38	11	7	15	31	17	7	13	24	46	40	16	15	4	38	18	46	17	19	24	46	2	34	18	35	24	43	6	35	44	22	4	14	15	46	5	2	27	32	45	34	16	1	22	46	24	40	3	44	14	40	36	6	0	19	9	28	2	23	16	4	8	9	36	16	6
20	4	38	38	39	49	38	43	27	28	12	32	6	3	39	18	15	29	8	3	0	2	3	21	32	19	27	1	45	39	4	41	29	39	37	27	0	26	46	6	12	6	11	26	7	33	0	24	0	8	0	10	4	13	46	49	7	20	14	8	32	35	19	0	34	3	24	39	48	1	17	32	20	40	36
49	5	4	43	19	3	48	46	22	48	23	26	6	26	28	33	45	47	27	40	11	45	22	7	0	36	27	48	19	35	9	45	15	13	34	10	6	15	39	9	28	10	13	42	8	12	10	7	6	31	27	40	33	6	11	22	28	22	9	12	9	11	9	34	0	10	29	24	10	14	29	29	0	29	46
22	20	25	31	9	4	18	11	11	1	10	36	19	38	13	6	17	16	45	47	13	4	1	43	21	3	8	6	41	28	44	12	9	48	34	30	8	19	36	41	18	4	4	8	33	34	26	31	38	11	1	10	20	11	15	45	13	13	2	39	34	47	28	3	10	0	14	42	14	12	43	17	48	33	31
31	36	49	2	41	21	6	17	5	0	9	37	40	12	49	21	7	24	11	34	44	12	47	10	3	0	15	31	39	9	11	40	3	9	31	18	4	43	48	11	36	34	45	34	13	2	0	33	2	12	48	35	10	32	1	4	9	36	4	27	1	24	2	24	29	14	0	4	5	5	48	8	11	9	35
24	30	17	27	29	45	33	33	10	42	22	2	4	21	43	3	27	44	46	4	40	36	34	25	45	12	0	32	0	9	11	17	26	43	0	24	28	49	28	3	25	43	22	0	25	0	31	13	17	8	39	19	29	7	12	32	7	14	49	6	19	25	23	39	24	42	4	0	28	14	38	11	0	9	1
2	27	2	4	16	36	28	23	34	36	16	9	43	4	23	37	7	4	43	18	23	3	12	49	30	12	30	17	44	19	24	29	30	46	45	47	24	41	22	40	8	0	8	48	6	39	14	39	9	35	9	14	49	47	46	17	4	27	11	4	47	31	16	48	10	14	5	28	0	39	13	27	49	48	20
32	34	27	21	5	13	2	19	1	16	14	12	3	25	29	26	37	32	10	22	46	23	41	26	17	39	4	2	41	10	16	9	34	26	10	18	22	41	35	4	2	43	45	32	4	19	36	9	24	37	42	24	49	29	46	29	7	3	21	32	1	26	4	1	14	12	5	14	39	0	25	38	49	37	3
49	44	46	38	34	30	2	9	29	15	30	7	9	9	5	4	19	24	42	37	2	33	43	42	45	45	29	44	32	37	49	48	37	26	45	18	28	7	17	29	30	14	36	23	23	0	11	44	20	38	7	1	29	29	49	6	23	2	36	16	14	34	8	17	29	43	48	38	13	25	0	3	10	13	29
29	1	3	31	9	22	6	26	39	1	37	39	8	2	48	8	5	6	2	5	13	3	39	34	27	3	4	0	31	45	24	49	0	42	19	3	2	47	12	43	24	4	46	28	20	9	21	12	46	35	1	3	35	30	35	49	11	26	20	41	10	23	9	32	29	17	8	11	27	38	3	0	22	28	30
22	41	42	20	17	45	30	21	9	14	19	15	1	9	7	13	38	42	0	43	25	34	23	12	10	32	15	12	9	4	41	0	21	23	7	42	9	21	33	45	17	0	39	31	39	27	27	5	33	38	4	39	19	6	18	1	46	7	26	23	37	29	36	20	0	48	11	0	49	49	10	22	0	22	43
12	3	10	41	35	14	13	4	41	40	35	33	5	21	34	10	0	39	3	27	25	5	6	30	33	26	41	36	3	34	27	20	26	37	6	45	41	0	44	18	41	20	8	33	39	7	8	19	1	6	7	2	15	47	23	12	32	39	0	25	18	29	16	40	29	33	9	9	48	37	13	28	22	0	28
8	38	41	7	12	38	3	27	24	37	33	2	12	6	41	0	4	27	0	23	28	1	6	7	43	13	26	35	1	33	9	40	5	12	34	6	3	11	0	16	27	21	11	6	20	40	25	40	36	46	14	7	2	21	30	6	5	9	8	5	46	10	6	36	46	31	35	1	20	3	29	30	43	28	0
