75
1	 24	 2449	 2455	 8	 70
2	 79	 1892	 1896	 12	 21
3	 58	 2289	 2307	 17	 73
4	 49	 2186	 2224	 53	 75
5	 83	 1272	 1342	 27	 30
6	 77	 2450	 2474	 31	 62
7	 20	 3639	 3683	 9	 54
8	 6	 1079	 1137	 7	 39
9	 42	 1758	 1770	 58	 86
10	 6	 1128	 1142	 19	 26
11	 35	 1295	 1305	 22	 58
12	 5	 3085	 3147	 2	 80
13	 7	 1321	 1335	 86	 89
14	 90	 3862	 3872	 39	 80
15	 45	 2471	 2533	 10	 25
16	 4	 1270	 1304	 62	 73
17	 10	 1186	 1212	 10	 34
18	 15	 866	 938	 47	 92
19	 56	 3102	 3140	 37	 95
20	 67	 3127	 3161	 14	 25
21	 15	 2700	 2734	 31	 62
22	 50	 1815	 1839	 61	 85
23	 1	 1471	 1505	 55	 97
24	 6	 3084	 3154	 13	 21
25	 56	 1707	 1737	 48	 99
26	 24	 2637	 2683	 21	 62
27	 53	 3739	 3775	 35	 43
28	 43	 2021	 2033	 39	 95
29	 32	 3536	 3556	 6	 51
30	 54	 2262	 2334	 39	 45
31	 9	 1387	 1417	 6	 37
32	 8	 2020	 2090	 2	 33
33	 22	 3509	 3569	 45	 66
34	 14	 1752	 1754	 85	 87
35	 60	 3227	 3271	 12	 79
36	 58	 3619	 3631	 63	 70
37	 82	 1993	 2061	 17	 29
38	 4	 3766	 3804	 40	 57
39	 51	 1481	 1495	 77	 80
40	 14	 962	 1012	 5	 37
41	 75	 2225	 2243	 14	 49
42	 67	 3318	 3320	 6	 90
43	 26	 3133	 3191	 60	 88
44	 98	 2953	 2971	 36	 98
45	 7	 3742	 3810	 35	 71
46	 37	 2935	 2973	 17	 34
47	 85	 3567	 3625	 0	 43
48	 52	 1095	 1099	 13	 49
49	 42	 1364	 1392	 19	 97
50	 63	 3342	 3358	 63	 74
51	 76	 3403	 3421	 10	 37
52	 12	 2135	 2143	 20	 90
53	 10	 2027	 2085	 6	 54
54	 75	 2058	 2132	 2	 20
55	 80	 2316	 2372	 53	 61
56	 4	 951	 1029	 59	 66
57	 83	 2857	 2903	 38	 42
58	 50	 1609	 1641	 18	 71
59	 18	 3235	 3251	 20	 26
60	 19	 2301	 2375	 11	 30
61	 45	 1286	 1350	 62	 95
62	 19	 1937	 1955	 76	 90
63	 33	 3697	 3711	 19	 45
64	 32	 3474	 3542	 68	 82
65	 15	 1628	 1680	 5	 53
66	 30	 2636	 2710	 4	 22
67	 65	 2161	 2231	 26	 93
68	 84	 941	 1017	 8	 92
69	 93	 1553	 1595	 1	 99
70	 16	 2016	 2030	 8	 62
71	 50	 905	 923	 23	 32
72	 33	 1553	 1589	 13	 50
73	 13	 2674	 2700	 24	 92
74	 21	 2287	 2335	 30	 33
75	 26	 2075	 2107	 66	 68
0	44	19	46	14	9	25	8	24	1	15	17	42	8	11	30	13	16	15	35	39	26	16	9	29	17	1	28	28	23	38	3	34	7	30	32	48	46	24	6	42	14	23	0	19	45	45	1	17	11	6	21	25	28	34	32	5	10	33	16	1	26	43	43	46	35	16	36	11	0	49	7	4	20	46
44	0	22	1	25	8	18	19	36	10	1	23	46	7	22	1	18	48	41	0	29	31	3	1	47	46	12	22	44	43	28	28	48	27	13	43	39	20	3	11	34	39	12	7	15	42	3	44	0	23	9	47	0	3	41	38	8	32	26	25	13	12	40	0	41	18	44	6	46	49	41	28	42	43	11
19	22	0	18	5	23	45	30	1	32	35	46	39	14	41	10	41	13	30	0	49	8	3	33	43	38	5	1	47	15	35	17	26	24	35	2	1	17	8	8	7	19	41	9	34	5	24	27	45	25	13	11	26	9	17	42	9	32	15	0	4	1	25	0	34	11	48	42	44	40	38	29	30	39	13
46	1	18	0	16	13	34	13	39	12	33	7	40	6	21	1	21	2	26	17	44	36	29	46	44	3	34	29	16	13	12	13	37	0	28	25	27	1	30	41	44	37	38	17	23	2	10	29	39	35	25	44	32	35	6	20	18	0	47	1	46	18	35	28	8	47	47	22	6	26	29	13	11	40	23
14	25	5	16	0	48	15	5	32	24	23	11	22	36	14	40	31	4	34	24	18	39	6	0	39	43	30	2	23	38	6	17	29	18	12	3	7	44	16	8	29	45	14	7	15	4	47	33	7	6	49	44	40	30	4	40	43	1	25	34	13	0	13	32	44	32	48	27	40	34	9	19	9	10	21
9	8	23	13	48	0	34	9	49	35	10	21	10	13	1	1	22	24	29	49	0	7	44	5	8	2	38	11	11	12	36	2	39	19	47	2	0	36	7	32	20	39	36	1	10	35	15	12	38	30	29	43	20	49	19	32	12	8	7	20	39	33	0	40	38	1	3	45	12	7	43	23	6	33	27
25	18	45	34	15	34	0	29	29	6	1	7	43	5	39	14	10	12	48	10	29	33	43	10	1	22	36	0	11	0	20	21	2	35	12	11	16	7	33	10	11	18	16	23	6	0	35	17	1	27	44	40	1	13	46	14	29	31	30	26	19	41	31	10	27	16	46	30	35	17	7	6	21	35	42
8	19	30	13	5	9	29	0	28	49	38	44	29	14	46	42	28	19	45	14	8	7	32	13	1	9	22	47	29	5	43	11	13	6	17	24	37	17	47	49	21	9	38	12	32	27	28	12	41	31	8	47	24	8	49	39	13	45	46	7	7	34	12	9	13	36	46	44	34	21	26	19	8	13	26
24	36	1	39	32	49	29	28	0	42	34	7	15	11	46	20	33	33	18	23	33	10	0	47	34	46	26	15	24	33	11	36	46	8	39	35	15	46	7	41	33	49	21	27	1	13	12	23	5	5	32	11	32	12	2	8	16	38	46	9	26	14	32	4	32	2	42	13	21	0	49	33	9	21	6
1	10	32	12	24	35	6	49	42	0	34	11	9	1	38	18	41	46	12	18	17	40	14	31	46	28	11	12	44	27	46	18	10	12	37	43	25	13	17	22	30	17	40	23	14	24	31	3	21	38	4	16	1	23	15	44	24	22	3	18	21	12	49	5	40	11	18	9	37	7	18	36	24	48	2
15	1	35	33	23	10	1	38	34	34	0	46	8	34	34	0	23	46	5	35	44	42	22	43	28	17	40	10	39	45	38	35	26	7	21	38	32	27	16	31	37	11	7	45	48	0	33	10	38	26	39	1	17	35	0	9	3	5	47	10	37	46	32	13	18	27	27	35	12	31	24	8	18	14	5
17	23	46	7	11	21	7	44	7	11	46	0	39	44	47	14	29	42	23	31	4	5	8	14	37	34	24	16	2	20	22	37	48	24	6	27	28	31	13	23	8	21	1	42	10	5	22	6	5	15	17	45	13	32	47	15	32	47	49	8	21	10	30	21	27	29	23	2	48	4	47	11	5	46	13
42	46	39	40	22	10	43	29	15	9	8	39	0	22	8	35	11	7	1	46	2	15	35	15	26	31	20	8	12	48	20	25	39	4	41	11	18	15	28	11	49	7	0	4	21	14	41	39	26	0	25	22	18	7	16	18	35	49	48	3	7	9	34	24	37	8	18	32	4	46	20	13	7	25	46
8	7	14	6	36	13	5	14	11	1	34	44	22	0	12	41	22	28	31	48	26	27	11	31	3	20	30	23	5	16	39	20	1	19	19	31	17	20	36	45	10	7	15	40	38	7	3	12	27	17	29	21	32	45	19	2	2	3	6	44	33	31	19	43	22	45	26	9	33	0	17	12	37	41	2
11	22	41	21	14	1	39	46	46	38	34	47	8	12	0	14	33	41	11	0	44	15	28	39	31	40	14	18	13	4	0	7	33	16	42	39	4	6	5	36	27	2	40	13	0	14	24	2	11	13	32	1	29	13	13	15	32	15	20	10	2	27	47	41	28	12	1	27	3	10	22	26	5	1	2
30	1	10	1	40	1	14	42	20	18	0	14	35	41	14	0	39	13	19	1	6	38	41	31	31	34	11	0	5	12	46	12	5	40	5	14	48	22	49	7	11	19	10	36	5	38	44	13	24	30	41	0	20	7	18	40	33	24	6	31	4	6	25	17	12	45	43	3	5	28	4	10	17	39	19
13	18	41	21	31	22	10	28	33	41	23	29	11	22	33	39	0	11	17	32	45	1	48	21	10	5	19	1	10	38	49	31	31	31	11	16	41	8	32	46	24	7	37	48	16	5	28	36	35	9	7	29	27	24	49	34	26	12	11	43	42	2	30	43	35	5	8	29	22	24	7	37	32	8	35
16	48	13	2	4	24	12	19	33	46	46	42	7	28	41	13	11	0	41	30	46	34	12	22	28	32	36	26	1	0	10	29	48	9	10	2	38	28	38	45	30	10	21	7	3	32	45	34	28	33	20	21	40	49	10	41	34	15	3	48	21	6	37	31	7	11	30	31	12	25	25	25	48	43	28
15	41	30	26	34	29	48	45	18	12	5	23	1	31	11	19	17	41	0	19	13	0	11	48	4	29	9	47	18	3	6	43	16	8	37	45	15	11	4	45	4	31	13	35	31	33	24	22	9	15	2	46	5	19	24	24	5	7	32	30	35	12	5	15	43	36	7	3	45	30	0	36	42	12	3
35	0	0	17	24	49	10	14	23	18	35	31	46	48	0	1	32	30	19	0	11	24	32	6	3	34	42	2	33	21	36	47	8	0	33	40	5	24	39	2	23	7	2	0	26	18	47	39	19	31	29	36	32	15	1	0	30	9	1	38	16	33	30	10	13	20	29	11	23	19	46	1	44	25	8
39	29	49	44	18	0	29	8	33	17	44	4	2	26	44	6	45	46	13	11	0	18	9	13	8	6	31	37	3	27	15	48	12	44	47	43	31	32	16	10	38	8	27	37	5	30	18	25	7	8	24	15	0	3	30	3	0	9	10	43	33	2	5	13	41	31	47	47	12	27	40	29	11	26	4
26	31	8	36	39	7	33	7	10	40	42	5	15	27	15	38	1	34	0	24	18	0	3	27	25	9	9	6	31	12	29	49	33	8	47	18	27	29	9	49	33	32	35	12	0	9	29	32	20	2	42	23	13	10	37	37	0	38	12	44	37	26	17	0	14	33	33	2	31	49	25	26	44	37	38
16	3	3	29	6	44	43	32	0	14	22	8	35	11	28	41	48	12	11	32	9	3	0	47	45	4	38	40	44	32	10	10	17	3	2	9	19	43	11	9	46	39	1	8	14	37	41	9	15	20	14	3	7	49	42	2	24	34	23	7	41	10	15	40	23	37	15	25	28	11	24	32	37	11	8
9	1	33	46	0	5	10	13	47	31	43	14	15	31	39	31	21	22	48	6	13	27	47	0	33	46	23	45	2	31	40	6	18	6	3	34	35	41	31	23	12	6	24	16	48	6	9	23	5	12	46	48	33	19	10	46	31	22	4	10	41	26	10	30	49	24	29	46	2	5	26	41	41	12	4
29	47	43	44	39	8	1	1	34	46	28	37	26	3	31	31	10	28	4	3	8	25	45	33	0	16	22	12	21	49	48	27	42	44	12	27	10	43	2	29	18	35	27	47	49	19	13	11	24	15	45	34	3	44	42	20	46	41	32	18	11	31	35	1	20	23	7	14	8	40	27	27	3	28	3
17	46	38	3	43	2	22	9	46	28	17	34	31	20	40	34	5	32	29	34	6	9	4	46	16	0	17	20	2	1	37	49	48	24	33	25	44	23	27	36	38	23	17	3	47	13	21	16	21	8	0	1	7	5	42	37	40	49	34	0	49	1	11	9	35	6	8	28	15	18	16	35	2	11	6
1	12	5	34	30	38	36	22	26	11	40	24	20	30	14	11	19	36	9	42	31	9	38	23	22	17	0	19	19	33	20	29	3	22	25	45	27	2	11	37	2	17	11	43	2	42	17	16	14	3	15	21	5	16	1	26	13	36	3	8	6	18	47	31	29	5	15	49	4	15	43	8	35	16	13
28	22	1	29	2	11	0	47	15	12	10	16	8	23	18	0	1	26	47	2	37	6	40	45	12	20	19	0	2	19	47	43	37	17	31	29	32	41	11	6	39	30	11	10	37	17	13	41	26	21	37	48	1	19	30	17	17	2	41	48	27	14	23	13	47	9	22	42	9	2	6	9	46	0	11
28	44	47	16	23	11	11	29	24	44	39	2	12	5	13	5	10	1	18	33	3	31	44	2	21	2	19	2	0	5	16	21	15	40	36	1	21	27	20	40	37	43	15	4	10	29	1	14	43	37	13	45	19	49	6	37	18	48	14	25	21	41	38	41	8	21	7	30	34	28	20	9	34	37	15
23	43	15	13	38	12	0	5	33	27	45	20	48	16	4	12	38	0	3	21	27	12	32	31	49	1	33	19	5	0	18	18	0	1	13	13	26	29	15	28	33	22	16	3	20	49	47	22	23	35	5	40	18	47	46	38	43	44	8	41	20	11	1	24	31	23	26	9	46	7	21	22	25	8	25
38	28	35	12	6	36	20	43	11	46	38	22	20	39	0	46	49	10	6	36	15	29	10	40	48	37	20	47	16	18	0	27	32	18	12	43	2	33	35	7	29	0	24	4	18	29	27	48	37	13	43	32	25	43	3	20	19	0	15	34	1	14	30	25	22	6	24	40	8	22	39	23	7	6	19
3	28	17	13	17	2	21	11	36	18	35	37	25	20	7	12	31	29	43	47	48	49	10	6	27	49	29	43	21	18	27	0	0	1	36	35	33	42	21	35	28	16	20	34	19	7	6	28	11	10	26	42	17	0	5	7	39	49	2	15	44	45	23	16	3	12	32	12	0	46	8	42	13	16	24
34	48	26	37	29	39	2	13	46	10	26	48	39	1	33	5	31	48	16	8	12	33	17	18	42	48	3	37	15	0	32	0	0	26	47	5	20	18	44	2	37	1	11	2	42	9	8	4	10	1	26	47	44	48	21	20	31	23	4	39	12	1	11	4	34	44	24	30	7	49	32	44	2	22	17
7	27	24	0	18	19	35	6	8	12	7	24	4	19	16	40	31	9	8	0	44	8	3	6	44	24	22	17	40	1	18	1	26	0	11	46	32	14	12	4	24	29	10	12	5	1	6	5	14	6	44	42	9	28	40	8	1	33	33	36	20	31	13	32	44	33	37	17	8	37	10	48	16	10	4
30	13	35	28	12	47	12	17	39	37	21	6	41	19	42	5	11	10	37	33	47	47	2	3	12	33	25	31	36	13	12	36	47	11	0	8	7	1	31	36	29	10	12	7	22	34	45	12	20	5	12	24	45	12	13	11	5	48	23	8	21	21	4	10	33	32	17	35	47	30	3	47	9	3	9
32	43	2	25	3	2	11	24	35	43	38	27	11	31	39	14	16	2	45	40	43	18	9	34	27	25	45	29	1	13	43	35	5	46	8	0	22	13	0	8	41	21	11	31	6	44	37	24	11	1	21	10	26	8	40	9	5	23	6	16	13	44	4	18	0	25	49	46	41	49	2	10	20	14	18
48	39	1	27	7	0	16	37	15	25	32	28	18	17	4	48	41	38	15	5	31	27	19	35	10	44	27	32	21	26	2	33	20	32	7	22	0	45	11	41	1	14	18	14	0	19	3	37	9	38	39	13	35	6	47	49	33	14	3	42	19	20	14	45	7	1	15	22	38	10	49	19	16	36	0
46	20	17	1	44	36	7	17	46	13	27	31	15	20	6	22	8	28	11	24	32	29	43	41	43	23	2	41	27	29	33	42	18	14	1	13	45	0	30	11	25	38	13	3	3	2	14	24	0	11	34	24	4	1	2	25	11	29	11	38	22	42	7	7	15	41	24	16	2	24	6	32	35	29	38
24	3	8	30	16	7	33	47	7	17	16	13	28	36	5	49	32	38	4	39	16	9	11	31	2	27	11	11	20	15	35	21	44	12	31	0	11	30	0	33	28	5	14	34	4	13	36	45	35	10	36	33	39	39	19	15	26	11	49	9	1	13	27	47	7	34	34	18	7	18	24	35	11	3	11
6	11	8	41	8	32	10	49	41	22	31	23	11	45	36	7	46	45	45	2	10	49	9	23	29	36	37	6	40	28	7	35	2	4	36	8	41	11	33	0	8	27	19	48	43	31	34	28	38	42	31	3	10	37	0	14	29	20	49	20	11	46	35	14	1	44	38	28	19	8	34	22	26	35	8
42	34	7	44	29	20	11	21	33	30	37	8	49	10	27	11	24	30	4	23	38	33	46	12	18	38	2	39	37	33	29	28	37	24	29	41	1	25	28	8	0	14	42	42	11	16	33	9	45	31	49	31	23	8	32	22	26	38	42	6	31	45	14	5	2	16	35	44	2	17	14	19	38	2	22
14	39	19	37	45	39	18	9	49	17	11	21	7	7	2	19	7	10	31	7	8	32	39	6	35	23	17	30	43	22	0	16	1	29	10	21	14	38	5	27	14	0	1	24	35	40	15	45	3	3	38	44	12	49	39	3	40	32	35	40	27	45	23	11	18	13	1	1	32	4	13	2	20	20	37
23	12	41	38	14	36	16	38	21	40	7	1	0	15	40	10	37	21	13	2	27	35	1	24	27	17	11	11	15	16	24	20	11	10	12	11	18	13	14	19	42	1	0	44	5	42	9	4	27	7	4	47	8	47	10	12	11	17	27	38	41	19	48	12	28	8	45	29	9	0	4	21	45	10	10
0	7	9	17	7	1	23	12	27	23	45	42	4	40	13	36	48	7	35	0	37	12	8	16	47	3	43	10	4	3	4	34	2	12	7	31	14	3	34	48	42	24	44	0	26	43	18	36	10	14	24	33	12	2	32	44	7	29	1	12	16	10	41	38	20	39	19	21	10	11	37	11	16	4	30
19	15	34	23	15	10	6	32	1	14	48	10	21	38	0	5	16	3	31	26	5	0	14	48	49	47	2	37	10	20	18	19	42	5	22	6	0	3	4	43	11	35	5	26	0	5	14	39	34	23	24	48	49	47	40	37	24	13	9	40	47	45	9	1	37	34	19	0	27	27	5	10	1	36	17
45	42	5	2	4	35	0	27	13	24	0	5	14	7	14	38	5	32	33	18	30	9	37	6	19	13	42	17	29	49	29	7	9	1	34	44	19	2	13	31	16	40	42	43	5	0	29	0	43	42	21	33	7	41	30	39	24	27	24	8	46	4	43	4	31	29	2	25	21	29	12	10	0	34	16
45	3	24	10	47	15	35	28	12	31	33	22	41	3	24	44	28	45	24	47	18	29	41	9	13	21	17	13	1	47	27	6	8	6	45	37	3	14	36	34	33	15	9	18	14	29	0	33	17	41	43	29	4	46	14	49	5	23	12	37	40	19	5	14	1	7	28	1	42	46	38	5	29	34	40
1	44	27	29	33	12	17	12	23	3	10	6	39	12	2	13	36	34	22	39	25	32	9	23	11	16	16	41	14	22	48	28	4	5	12	24	37	24	45	28	9	45	4	36	39	0	33	0	2	13	9	49	12	28	0	19	38	14	35	25	17	48	4	45	11	27	12	33	46	9	40	7	26	20	19
17	0	45	39	7	38	1	41	5	21	38	5	26	27	11	24	35	28	9	19	7	20	15	5	24	21	14	26	43	23	37	11	10	14	20	11	9	0	35	38	45	3	27	10	34	43	17	2	0	40	1	2	37	36	39	5	18	25	32	43	7	15	7	18	30	33	14	32	27	1	43	27	33	36	3
11	23	25	35	6	30	27	31	5	38	26	15	0	17	13	30	9	33	15	31	8	2	20	12	15	8	3	21	37	35	13	10	1	6	5	1	38	11	10	42	31	3	7	14	23	42	41	13	40	0	4	8	25	35	9	15	19	31	30	38	28	39	18	18	26	38	40	10	28	28	28	17	37	5	11
6	9	13	25	49	29	44	8	32	4	39	17	25	29	32	41	7	20	2	29	24	42	14	46	45	0	15	37	13	5	43	26	26	44	12	21	39	34	36	31	49	38	4	24	24	21	43	9	1	4	0	35	23	7	45	5	20	45	23	28	44	3	0	30	7	19	16	5	24	42	2	29	36	46	47
21	47	11	44	44	43	40	47	11	16	1	45	22	21	1	0	29	21	46	36	15	23	3	48	34	1	21	48	45	40	32	42	47	42	24	10	13	24	33	3	31	44	47	33	48	33	29	49	2	8	35	0	31	17	48	9	46	1	12	44	26	12	49	3	31	37	2	43	33	33	4	18	27	41	10
25	0	26	32	40	20	1	24	32	1	17	13	18	32	29	20	27	40	5	32	0	13	7	33	3	7	5	1	19	18	25	17	44	9	45	26	35	4	39	10	23	12	8	12	49	7	4	12	37	25	23	31	0	7	22	47	35	23	42	22	32	1	39	7	29	35	4	7	9	6	23	8	41	24	46
28	3	9	35	30	49	13	8	12	23	35	32	7	45	13	7	24	49	19	15	3	10	49	19	44	5	16	19	49	47	43	0	48	28	12	8	6	1	39	37	8	49	47	2	47	41	46	28	36	35	7	17	7	0	46	7	42	49	43	43	10	47	0	45	14	3	36	49	46	29	39	36	14	21	15
34	41	17	6	4	19	46	49	2	15	0	47	16	19	13	18	49	10	24	1	30	37	42	10	42	42	1	30	6	46	3	5	21	40	13	40	47	2	19	0	32	39	10	32	40	30	14	0	39	9	45	48	22	46	0	24	27	26	2	12	23	39	34	12	35	12	47	1	34	11	11	32	28	6	26
32	38	42	20	40	32	14	39	8	44	9	15	18	2	15	40	34	41	24	0	3	37	2	46	20	37	26	17	37	38	20	7	20	8	11	9	49	25	15	14	22	3	12	44	37	39	49	19	5	15	5	9	47	7	24	0	41	12	18	9	14	10	4	29	25	14	2	13	6	5	23	33	14	10	15
5	8	9	18	43	12	29	13	16	24	3	32	35	2	32	33	26	34	5	30	0	0	24	31	46	40	13	17	18	43	19	39	31	1	5	5	33	11	26	29	26	40	11	7	24	24	5	38	18	19	20	46	35	42	27	41	0	26	25	28	0	5	11	9	14	21	32	2	2	33	7	47	11	6	10
10	32	32	0	1	8	31	45	38	22	5	47	49	3	15	24	12	15	7	9	9	38	34	22	41	49	36	2	48	44	0	49	23	33	48	23	14	29	11	20	38	32	17	29	13	27	23	14	25	31	45	1	23	49	26	12	26	0	1	28	5	10	44	48	31	16	5	0	18	4	23	10	25	46	42
33	26	15	47	25	7	30	46	46	3	47	49	48	6	20	6	11	3	32	1	10	12	23	4	32	34	3	41	14	8	15	2	4	33	23	6	3	11	49	49	42	35	27	1	9	24	12	35	32	30	23	12	42	43	2	18	25	1	0	45	13	3	8	30	14	26	39	48	13	40	30	40	28	14	32
16	25	0	1	34	20	26	7	9	18	10	8	3	44	10	31	43	48	30	38	43	44	7	10	18	0	8	48	25	41	34	15	39	36	8	16	42	38	9	20	6	40	38	12	40	8	37	25	43	38	28	44	22	43	12	9	28	28	45	0	48	13	5	9	12	15	40	45	35	5	48	21	10	23	35
1	13	4	46	13	39	19	7	26	21	37	21	7	33	2	4	42	21	35	16	33	37	41	41	11	49	6	27	21	20	1	44	12	20	21	13	19	22	1	11	31	27	41	16	47	46	40	17	7	28	44	26	32	10	23	14	0	5	13	48	0	45	17	9	19	23	14	16	47	47	3	38	3	17	8
26	12	1	18	0	33	41	34	14	12	46	10	9	31	27	6	2	6	12	33	2	26	10	26	31	1	18	14	41	11	14	45	1	31	21	44	20	42	13	46	45	45	19	10	45	4	19	48	15	39	3	12	1	47	39	10	5	10	3	13	45	0	2	0	3	29	48	49	40	17	33	34	33	5	12
43	40	25	35	13	0	31	12	32	49	32	30	34	19	47	25	30	37	5	30	5	17	15	10	35	11	47	23	38	1	30	23	11	13	4	4	14	7	27	35	14	23	48	41	9	43	5	4	7	18	0	49	39	0	34	4	11	44	8	5	17	2	0	22	21	29	34	6	5	5	26	39	4	24	4
43	0	0	28	32	40	10	9	4	5	13	21	24	43	41	17	43	31	15	10	13	0	40	30	1	9	31	13	41	24	25	16	4	32	10	18	45	7	47	14	5	11	12	38	1	4	14	45	18	18	30	3	7	45	12	29	9	48	30	9	9	0	22	0	42	5	17	33	39	45	37	33	9	12	31
46	41	34	8	44	38	27	13	32	40	18	27	37	22	28	12	35	7	43	13	41	14	23	49	20	35	29	47	8	31	22	3	34	44	33	0	7	15	7	1	2	18	28	20	37	31	1	11	30	26	7	31	29	14	35	25	14	31	14	12	19	3	21	42	0	26	8	8	19	34	34	6	41	21	19
35	18	11	47	32	1	16	36	2	11	27	29	8	45	12	45	5	11	36	20	31	33	37	24	23	6	5	9	21	23	6	12	44	33	32	25	1	41	34	44	16	13	8	39	34	29	7	27	33	38	19	37	35	3	12	14	21	16	26	15	23	29	29	5	26	0	31	18	22	45	5	27	19	17	38
16	44	48	47	48	3	46	46	42	18	27	23	18	26	1	43	8	30	7	29	47	33	15	29	7	8	15	22	7	26	24	32	24	37	17	49	15	24	34	38	35	1	45	19	19	2	28	12	14	40	16	2	4	36	47	2	32	5	39	40	14	48	34	17	8	31	0	14	17	2	48	48	44	3	24
36	6	42	22	27	45	30	44	13	9	35	2	32	9	27	3	29	31	3	11	47	2	25	46	14	28	49	42	30	9	40	12	30	17	35	46	22	16	18	28	44	1	29	21	0	25	1	33	32	10	5	43	7	49	1	13	2	0	48	45	16	49	6	33	8	18	14	0	1	7	22	1	48	4	45
11	46	44	6	40	12	35	34	21	37	12	48	4	33	3	5	22	12	45	23	12	31	28	2	8	15	4	9	34	46	8	0	7	8	47	41	38	2	7	19	2	32	9	10	27	21	42	46	27	28	24	33	9	46	34	6	2	18	13	35	47	40	5	39	19	22	17	1	0	37	23	36	5	14	24
0	49	40	26	34	7	17	21	0	7	31	4	46	0	10	28	24	25	30	19	27	49	11	5	40	18	15	2	28	7	22	46	49	37	30	49	10	24	18	8	17	4	0	11	27	29	46	9	1	28	42	33	6	29	11	5	33	4	40	5	47	17	5	45	34	45	2	7	37	0	11	6	42	19	24
49	41	38	29	9	43	7	26	49	18	24	47	20	17	22	4	7	25	0	46	40	25	24	26	27	16	43	6	20	21	39	8	32	10	3	2	49	6	24	34	14	13	4	37	5	12	38	40	43	28	2	4	23	39	11	23	7	23	30	48	3	33	26	37	34	5	48	22	23	11	0	6	14	24	10
7	28	29	13	19	23	6	19	33	36	8	11	13	12	26	10	37	25	36	1	29	26	32	41	27	35	8	9	9	22	23	42	44	48	47	10	19	32	35	22	19	2	21	11	10	10	5	7	27	17	29	18	8	36	32	33	47	10	40	21	38	34	39	33	6	27	48	1	36	6	6	0	9	37	5
4	42	30	11	9	6	21	8	9	24	18	5	7	37	5	17	32	48	42	44	11	44	37	41	3	2	35	46	34	25	7	13	2	16	9	20	16	35	11	26	38	20	45	16	1	0	29	26	33	37	36	27	41	14	28	14	11	25	28	10	3	33	4	9	41	19	44	48	5	42	14	9	0	16	35
20	43	39	40	10	33	35	13	21	48	14	46	25	41	1	39	8	43	12	25	26	37	11	12	28	11	16	0	37	8	6	16	22	10	3	14	36	29	3	35	2	20	10	4	36	34	34	20	36	5	46	41	24	21	6	10	6	46	14	23	17	5	24	12	21	17	3	4	14	19	24	37	16	0	10
46	11	13	23	21	27	42	26	6	2	5	13	46	2	2	19	35	28	3	8	4	38	8	4	3	6	13	11	15	25	19	24	17	4	9	18	0	38	11	8	22	37	10	30	17	16	40	19	3	11	47	10	46	15	26	15	10	42	32	35	8	12	4	31	19	38	24	45	24	24	10	5	35	10	0
