75
1	 23	 2968	 2992	 18	 22
2	 6	 3036	 3100	 0	 32
3	 17	 2386	 2390	 2	 83
4	 2	 5303	 5401	 86	 96
5	 23	 4313	 4409	 58	 64
6	 62	 2645	 2657	 58	 67
7	 85	 3392	 3420	 16	 70
8	 43	 1694	 1700	 84	 91
9	 55	 5455	 5459	 19	 39
10	 58	 4160	 4200	 44	 51
11	 88	 4490	 4554	 1	 87
12	 25	 3675	 3749	 28	 49
13	 69	 4913	 4919	 21	 22
14	 67	 2054	 2136	 37	 52
15	 20	 2473	 2505	 35	 75
16	 28	 3638	 3646	 32	 40
17	 96	 4788	 4884	 0	 40
18	 46	 2638	 2708	 61	 87
19	 1	 2089	 2141	 33	 42
20	 22	 2026	 2120	 17	 30
21	 21	 1378	 1446	 17	 100
22	 93	 4588	 4608	 24	 97
23	 61	 4796	 4856	 77	 94
24	 95	 3398	 3412	 66	 93
25	 72	 1319	 1349	 19	 22
26	 42	 4773	 4829	 19	 23
27	 26	 3809	 3827	 11	 45
28	 35	 4966	 5046	 1	 41
29	 54	 1440	 1510	 41	 93
30	 92	 4979	 4995	 10	 66
31	 53	 5020	 5058	 36	 94
32	 44	 5258	 5280	 30	 80
33	 14	 5203	 5259	 38	 88
34	 26	 3254	 3324	 0	 42
35	 92	 4414	 4474	 16	 39
36	 83	 1153	 1167	 3	 22
37	 62	 2606	 2662	 11	 29
38	 77	 4414	 4492	 19	 51
39	 31	 2177	 2213	 29	 62
40	 93	 2086	 2148	 6	 46
41	 39	 4949	 5019	 23	 54
42	 2	 2953	 3019	 21	 60
43	 39	 2159	 2193	 9	 97
44	 33	 1496	 1588	 63	 68
45	 6	 2552	 2622	 8	 29
46	 73	 4652	 4738	 18	 47
47	 92	 2592	 2600	 16	 64
48	 67	 2032	 2046	 0	 30
49	 3	 2246	 2334	 18	 63
50	 15	 3294	 3364	 15	 85
51	 65	 1617	 1645	 0	 73
52	 25	 4389	 4451	 20	 30
53	 68	 2257	 2273	 97	 98
54	 36	 1265	 1341	 39	 40
55	 94	 4768	 4810	 40	 54
56	 51	 1648	 1694	 9	 50
57	 62	 2202	 2270	 5	 36
58	 14	 5347	 5427	 85	 90
59	 58	 4765	 4771	 19	 81
60	 12	 5308	 5314	 29	 63
61	 14	 1952	 1978	 2	 25
62	 8	 2462	 2484	 33	 50
63	 37	 1101	 1137	 7	 24
64	 58	 1136	 1138	 29	 50
65	 71	 1243	 1285	 66	 77
66	 42	 2290	 2314	 24	 73
67	 72	 4072	 4078	 30	 74
68	 66	 2019	 2053	 1	 57
69	 57	 4864	 4916	 12	 34
70	 85	 1783	 1805	 25	 30
71	 81	 2607	 2629	 15	 88
72	 62	 2910	 2930	 36	 37
73	 79	 2383	 2385	 28	 95
74	 95	 3864	 3930	 30	 72
75	 35	 4412	 4450	 6	 22
0	29	42	8	41	32	47	4	21	36	23	0	12	4	10	11	22	29	42	42	11	10	2	35	5	23	37	47	29	37	5	11	6	23	10	12	16	49	7	19	2	0	25	23	1	12	3	33	17	47	15	26	47	49	31	32	10	42	0	10	3	4	43	4	29	16	40	38	28	26	42	20	43	42	18
29	0	44	4	18	2	41	10	32	19	20	10	28	9	40	0	44	44	15	37	25	1	44	1	14	40	42	42	39	5	30	41	4	34	5	14	42	6	14	31	6	13	17	14	7	7	12	37	3	37	22	2	37	37	16	13	37	46	3	3	7	11	25	33	38	39	42	33	43	35	8	8	9	42	20
42	44	0	1	36	48	36	5	7	22	25	4	43	45	27	46	20	9	36	10	47	46	32	8	16	47	27	35	33	24	2	23	45	1	18	39	22	3	26	41	19	34	13	23	39	15	39	3	6	14	10	39	36	12	7	12	25	7	0	49	6	43	40	38	36	12	15	37	4	20	45	29	24	43	32
8	4	1	0	33	11	48	10	13	18	4	35	44	24	19	49	16	2	36	22	9	18	22	25	1	43	9	30	29	45	19	13	27	11	33	21	4	45	8	40	22	21	21	49	6	9	17	32	38	24	33	30	3	48	47	28	12	7	6	35	11	15	15	37	5	36	2	25	42	30	7	4	10	46	41
41	18	36	33	0	24	34	18	41	45	37	18	43	20	0	16	26	41	9	30	6	15	0	13	5	35	38	13	26	7	32	4	17	8	2	2	10	0	41	6	32	11	18	33	19	24	31	36	2	4	29	48	44	18	29	34	12	34	17	35	24	24	6	43	34	16	13	6	38	13	32	38	46	40	16
32	2	48	11	24	0	24	34	46	49	48	21	37	24	1	32	9	37	3	39	36	2	48	29	16	14	36	22	40	29	18	1	18	36	4	48	49	43	15	45	29	12	48	45	35	24	39	3	12	10	32	21	21	24	39	17	26	15	27	48	4	33	4	43	11	36	38	1	23	9	4	4	17	5	49
47	41	36	48	34	24	0	3	8	45	4	18	29	46	49	6	4	8	8	34	24	29	38	47	21	10	21	34	23	22	49	47	23	2	32	38	1	29	39	4	1	28	16	0	14	21	46	4	46	5	22	12	1	18	0	4	42	30	12	3	30	26	15	18	4	25	31	29	49	45	8	5	46	32	23
4	10	5	10	18	34	3	0	27	40	48	22	8	4	13	17	8	33	26	10	8	28	30	33	37	14	35	12	10	3	3	3	45	4	9	32	19	42	41	8	5	37	9	12	22	41	25	16	6	2	37	7	42	20	40	44	46	38	22	35	11	8	36	7	41	11	42	33	31	25	3	2	8	41	23
21	32	7	13	41	46	8	27	0	36	13	48	17	4	22	26	44	23	6	37	32	35	45	19	27	11	19	2	47	20	29	9	4	22	34	43	49	10	48	38	31	26	21	9	5	38	10	6	33	23	5	10	7	30	12	10	31	22	13	7	8	6	5	32	27	41	25	40	46	40	8	36	4	8	14
36	19	22	18	45	49	45	40	36	0	35	47	29	11	47	30	45	31	43	10	18	4	40	43	5	2	46	19	46	24	2	37	8	32	19	13	5	42	33	23	45	16	38	30	2	17	1	44	9	48	6	43	40	10	8	24	3	29	16	41	22	15	2	20	46	29	47	47	13	5	31	0	23	37	4
23	20	25	4	37	48	4	48	13	35	0	35	27	1	17	42	26	31	18	6	38	12	29	41	14	40	42	46	12	44	48	48	3	24	6	1	13	3	13	47	15	12	25	45	3	28	42	2	41	19	5	24	44	46	15	5	33	0	49	21	48	8	10	7	16	47	18	47	20	6	13	3	33	47	23
0	10	4	35	18	21	18	22	48	47	35	0	9	19	42	33	9	18	9	25	44	35	28	2	36	0	12	39	25	46	11	6	3	26	15	19	23	25	25	12	37	6	10	27	8	49	7	1	24	4	3	44	19	25	37	8	39	8	41	17	22	46	9	47	27	30	16	35	43	46	11	31	38	9	12
12	28	43	44	43	37	29	8	17	29	27	9	0	49	37	24	3	2	5	5	16	24	44	14	7	5	37	7	10	7	37	4	21	31	39	1	9	4	18	36	39	7	20	28	47	21	36	4	44	13	15	20	47	0	36	31	28	35	26	4	2	4	42	45	35	27	35	40	38	27	29	38	2	13	4
4	9	45	24	20	24	46	4	4	11	1	19	49	0	25	43	35	13	19	37	21	32	11	33	12	44	39	26	35	31	4	16	21	7	42	49	32	15	35	45	18	38	18	7	40	25	4	17	37	9	6	38	41	17	14	48	8	21	34	12	22	44	31	27	25	31	19	17	13	28	24	40	16	9	39
10	40	27	19	0	1	49	13	22	47	17	42	37	25	0	4	7	7	39	5	11	8	3	35	7	25	1	17	40	8	38	29	15	20	46	12	45	38	0	1	29	5	47	10	28	38	11	3	41	19	19	45	14	43	11	2	38	3	36	20	1	21	44	47	45	15	44	28	29	48	6	42	29	1	22
11	0	46	49	16	32	6	17	26	30	42	33	24	43	4	0	20	5	11	44	17	6	26	12	16	48	33	10	12	9	18	48	47	35	4	49	19	2	40	32	24	39	36	26	9	42	7	28	12	2	22	46	26	35	19	35	19	31	12	3	12	34	19	28	8	2	28	6	11	10	31	23	42	2	22
22	44	20	16	26	9	4	8	44	45	26	9	3	35	7	20	0	7	17	13	18	32	1	48	17	0	49	5	33	47	31	43	33	18	32	8	26	47	14	31	44	4	0	32	47	46	4	4	28	34	25	4	1	24	2	23	6	24	1	27	29	23	49	47	46	48	30	48	4	14	11	10	30	29	13
29	44	9	2	41	37	8	33	23	31	31	18	2	13	7	5	7	0	15	20	33	30	4	13	12	26	13	19	25	9	7	48	44	17	43	17	32	22	41	25	26	6	48	0	31	31	29	30	20	1	8	3	32	39	17	7	26	31	9	7	29	26	10	8	39	36	34	48	48	12	9	32	36	2	3
42	15	36	36	9	3	8	26	6	43	18	9	5	19	39	11	17	15	0	15	36	23	36	15	12	46	49	11	44	34	6	5	27	5	31	22	9	41	45	7	12	30	38	31	33	10	17	48	46	5	12	2	2	20	38	8	27	13	10	8	17	33	25	37	15	9	41	10	15	49	7	34	20	1	40
42	37	10	22	30	39	34	10	37	10	6	25	5	37	5	44	13	20	15	0	27	29	21	2	15	35	43	45	10	41	37	35	27	46	7	39	38	36	5	28	42	19	31	1	39	12	31	43	5	18	26	10	37	28	38	47	26	41	31	39	9	31	16	39	46	5	45	23	47	32	2	41	43	18	44
11	25	47	9	6	36	24	8	32	18	38	44	16	21	11	17	18	33	36	27	0	3	42	42	18	40	32	30	15	26	9	33	4	7	34	36	42	8	24	42	46	17	25	41	17	10	25	22	7	33	49	46	14	10	28	0	42	14	14	36	38	23	46	14	6	45	4	15	5	37	40	42	10	38	37
10	1	46	18	15	2	29	28	35	4	12	35	24	32	8	6	32	30	23	29	3	0	25	47	32	30	41	48	1	34	3	13	47	3	42	0	7	42	0	3	4	5	31	32	29	26	12	26	3	19	2	16	21	44	9	0	8	1	4	3	34	40	6	22	37	22	22	14	4	13	10	25	0	44	3
2	44	32	22	0	48	38	30	45	40	29	28	44	11	3	26	1	4	36	21	42	25	0	0	21	25	29	33	26	44	17	13	4	32	12	39	11	4	17	40	13	44	32	4	49	17	36	15	0	0	5	45	32	2	33	32	2	16	44	39	30	7	39	28	23	18	23	13	5	21	42	5	42	7	8
35	1	8	25	13	29	47	33	19	43	41	2	14	33	35	12	48	13	15	2	42	47	0	0	49	25	5	16	32	26	43	43	49	33	21	11	37	43	46	29	3	38	4	1	24	36	35	20	7	5	7	39	21	48	35	13	39	6	24	6	16	3	48	7	40	3	41	10	13	46	23	2	36	6	0
5	14	16	1	5	16	21	37	27	5	14	36	7	12	7	16	17	12	12	15	18	32	21	49	0	21	39	11	34	34	44	10	48	32	31	29	2	14	48	7	13	17	2	12	17	14	25	12	15	20	39	27	1	1	4	40	18	6	11	46	48	5	42	45	21	8	34	9	31	0	35	13	32	36	36
23	40	47	43	35	14	10	14	11	2	40	0	5	44	25	48	0	26	46	35	40	30	25	25	21	0	1	35	33	43	3	20	12	38	41	16	26	27	21	27	22	1	18	10	48	35	31	21	20	19	21	4	38	42	7	39	33	11	44	48	40	31	12	38	39	46	25	23	18	39	26	4	30	19	35
37	42	27	9	38	36	21	35	19	46	42	12	37	39	1	33	49	13	49	43	32	41	29	5	39	1	0	12	6	7	12	1	23	29	43	3	31	2	27	4	23	15	32	4	8	18	41	37	7	5	2	36	23	12	18	21	28	37	5	4	6	9	37	8	13	44	17	39	2	26	10	34	6	49	22
47	42	35	30	13	22	34	12	2	19	46	39	7	26	17	10	5	19	11	45	30	48	33	16	11	35	12	0	30	26	38	32	45	20	21	24	49	13	7	6	37	33	36	7	23	44	36	14	24	6	29	35	1	44	0	1	13	38	33	34	25	47	3	33	23	11	23	16	26	31	38	42	34	44	32
29	39	33	29	26	40	23	10	47	46	12	25	10	35	40	12	33	25	44	10	15	1	26	32	34	33	6	30	0	28	4	11	5	12	33	44	4	33	26	11	2	22	34	26	17	17	8	12	14	42	2	6	21	48	17	0	42	48	8	29	1	22	6	37	31	40	8	35	49	39	9	41	28	41	18
37	5	24	45	7	29	22	3	20	24	44	46	7	31	8	9	47	9	34	41	26	34	44	26	34	43	7	26	28	0	37	26	10	38	39	42	15	43	31	15	44	14	8	43	4	27	22	7	7	19	35	3	25	47	16	49	1	13	23	38	17	13	13	3	46	41	12	23	7	22	22	14	43	12	39
5	30	2	19	32	18	49	3	29	2	48	11	37	4	38	18	31	7	6	37	9	3	17	43	44	3	12	38	4	37	0	16	40	33	20	10	18	15	5	23	39	47	49	12	25	25	49	33	35	37	22	34	30	27	1	24	22	12	25	33	30	31	3	4	34	41	30	21	39	2	19	9	21	41	26
11	41	23	13	4	1	47	3	9	37	48	6	4	16	29	48	43	48	5	35	33	13	13	43	10	20	1	32	11	26	16	0	40	44	23	12	4	3	41	12	24	41	43	19	21	22	27	0	23	29	12	1	13	42	46	11	49	49	9	31	39	46	14	23	34	25	25	13	7	11	3	43	33	4	4
6	4	45	27	17	18	23	45	4	8	3	3	21	21	15	47	33	44	27	27	4	47	4	49	48	12	23	45	5	10	40	40	0	38	25	14	13	8	14	3	23	1	34	32	4	40	17	49	23	42	9	0	3	32	45	14	45	22	24	13	8	16	0	32	1	30	10	6	12	38	13	7	10	31	11
23	34	1	11	8	36	2	4	22	32	24	26	31	7	20	35	18	17	5	46	7	3	32	33	32	38	29	20	12	38	33	44	38	0	18	31	6	28	13	8	32	22	26	31	36	46	0	6	6	39	11	19	44	49	35	41	47	8	30	47	3	5	1	39	11	45	43	0	14	33	37	16	4	10	22
10	5	18	33	2	4	32	9	34	19	6	15	39	42	46	4	32	43	31	7	34	42	12	21	31	41	43	21	33	39	20	23	25	18	0	15	24	46	14	17	6	46	48	6	20	41	41	49	33	32	9	35	8	29	37	17	28	6	21	1	27	21	21	15	19	2	39	49	30	48	38	20	7	42	4
12	14	39	21	2	48	38	32	43	13	1	19	1	49	12	49	8	17	22	39	36	0	39	11	29	16	3	24	44	42	10	12	14	31	15	0	28	21	9	3	12	9	5	19	19	29	45	32	39	9	6	42	12	34	16	23	34	4	37	9	33	19	25	42	2	34	43	4	43	41	27	19	40	9	31
16	42	22	4	10	49	1	19	49	5	13	23	9	32	45	19	26	32	9	38	42	7	11	37	2	26	31	49	4	15	18	4	13	6	24	28	0	47	21	25	26	16	15	12	2	16	0	32	24	12	33	43	4	11	46	10	25	37	30	32	43	30	31	28	18	31	17	26	48	9	9	37	13	5	47
49	6	3	45	0	43	29	42	10	42	3	25	4	15	38	2	47	22	41	36	8	42	4	43	14	27	2	13	33	43	15	3	8	28	46	21	47	0	2	20	29	25	12	36	29	46	19	35	1	48	36	17	25	4	31	29	43	25	11	13	25	44	16	18	34	11	26	24	26	10	32	41	0	38	38
7	14	26	8	41	15	39	41	48	33	13	25	18	35	0	40	14	41	45	5	24	0	17	46	48	21	27	7	26	31	5	41	14	13	14	9	21	2	0	30	9	8	30	42	43	11	10	46	2	49	10	11	31	28	19	10	41	45	37	31	16	13	0	46	44	16	26	3	9	9	34	38	39	46	4
19	31	41	40	6	45	4	8	38	23	47	12	36	45	1	32	31	25	7	28	42	3	40	29	7	27	4	6	11	15	23	12	3	8	17	3	25	20	30	0	14	9	0	47	45	25	2	28	21	16	38	45	31	13	39	34	18	8	22	22	25	37	27	29	48	46	11	30	39	23	23	43	47	22	18
2	6	19	22	32	29	1	5	31	45	15	37	39	18	29	24	44	26	12	42	46	4	13	3	13	22	23	37	2	44	39	24	23	32	6	12	26	29	9	14	0	10	25	18	30	30	22	38	2	21	10	2	30	5	14	11	37	46	31	12	13	0	7	13	39	21	47	3	16	7	40	46	8	7	38
0	13	34	21	11	12	28	37	26	16	12	6	7	38	5	39	4	6	30	19	17	5	44	38	17	1	15	33	22	14	47	41	1	22	46	9	16	25	8	9	10	0	7	23	21	15	15	15	30	14	15	36	34	22	17	44	4	20	7	22	39	33	40	15	7	26	6	23	11	3	0	36	46	47	20
25	17	13	21	18	48	16	9	21	38	25	10	20	18	47	36	0	48	38	31	25	31	32	4	2	18	32	36	34	8	49	43	34	26	48	5	15	12	30	0	25	7	0	13	38	42	32	37	0	47	13	37	9	20	8	16	21	4	38	13	23	22	7	44	24	6	41	19	26	12	19	10	20	1	4
23	14	23	49	33	45	0	12	9	30	45	27	28	7	10	26	32	0	31	1	41	32	4	1	12	10	4	7	26	43	12	19	32	31	6	19	12	36	42	47	18	23	13	0	22	5	26	10	7	16	32	38	27	0	12	47	4	12	49	33	26	21	8	48	38	6	47	47	0	11	35	15	19	5	26
1	7	39	6	19	35	14	22	5	2	3	8	47	40	28	9	47	31	33	39	17	29	49	24	17	48	8	23	17	4	25	21	4	36	20	19	2	29	43	45	30	21	38	22	0	23	3	37	30	43	14	45	47	45	4	25	21	44	36	26	29	49	1	33	0	27	48	15	13	28	27	5	38	34	49
12	7	15	9	24	24	21	41	38	17	28	49	21	25	38	42	46	31	10	12	10	26	17	36	14	35	18	44	17	27	25	22	40	46	41	29	16	46	11	25	30	15	42	5	23	0	11	10	38	5	40	46	30	43	40	11	5	17	26	49	11	8	3	40	27	24	0	43	39	40	11	13	34	13	11
3	12	39	17	31	39	46	25	10	1	42	7	36	4	11	7	4	29	17	31	25	12	36	35	25	31	41	36	8	22	49	27	17	0	41	45	0	19	10	2	22	15	32	26	3	11	0	16	10	12	37	31	36	23	7	32	4	1	42	43	29	4	9	8	27	22	8	29	20	49	24	3	34	38	27
33	37	3	32	36	3	4	16	6	44	2	1	4	17	3	28	4	30	48	43	22	26	15	20	12	21	37	14	12	7	33	0	49	6	49	32	32	35	46	28	38	15	37	10	37	10	16	0	24	2	42	31	7	42	4	29	27	33	32	47	38	24	5	21	32	24	13	31	12	3	4	36	18	42	21
17	3	6	38	2	12	46	6	33	9	41	24	44	37	41	12	28	20	46	5	7	3	0	7	15	20	7	24	14	7	35	23	23	6	33	39	24	1	2	21	2	30	0	7	30	38	10	24	0	29	13	30	1	48	3	8	12	0	12	8	31	9	1	4	7	28	10	25	8	21	1	10	11	21	7
47	37	14	24	4	10	5	2	23	48	19	4	13	9	19	2	34	1	5	18	33	19	0	5	20	19	5	6	42	19	37	29	42	39	32	9	12	48	49	16	21	14	47	16	43	5	12	2	29	0	15	0	4	2	28	12	29	42	5	7	47	1	29	13	48	7	49	1	11	13	7	37	30	20	0
15	22	10	33	29	32	22	37	5	6	5	3	15	6	19	22	25	8	12	26	49	2	5	7	39	21	2	29	2	35	22	12	9	11	9	6	33	36	10	38	10	15	13	32	14	40	37	42	13	15	0	7	35	44	33	40	34	36	43	46	11	2	23	30	48	8	40	28	43	5	44	10	47	10	5
26	2	39	30	48	21	12	7	10	43	24	44	20	38	45	46	4	3	2	10	46	16	45	39	27	4	36	35	6	3	34	1	0	19	35	42	43	17	11	45	2	36	37	38	45	46	31	31	30	0	7	0	36	28	1	40	2	31	31	9	38	25	33	35	0	30	11	38	3	5	1	17	44	37	12
47	37	36	3	44	21	1	42	7	40	44	19	47	41	14	26	1	32	2	37	14	21	32	21	1	38	23	1	21	25	30	13	3	44	8	12	4	25	31	31	30	34	9	27	47	30	36	7	1	4	35	36	0	38	41	12	49	20	0	32	0	14	10	4	13	36	22	2	8	43	23	12	14	41	44
49	37	12	48	18	24	18	20	30	10	46	25	0	17	43	35	24	39	20	28	10	44	2	48	1	42	12	44	48	47	27	42	32	49	29	34	11	4	28	13	5	22	20	0	45	43	23	42	48	2	44	28	38	0	32	45	9	27	41	34	46	11	20	0	8	18	14	43	42	12	2	44	8	48	23
31	16	7	47	29	39	0	40	12	8	15	37	36	14	11	19	2	17	38	38	28	9	33	35	4	7	18	0	17	16	1	46	45	35	37	16	46	31	19	39	14	17	8	12	4	40	7	4	3	28	33	1	41	32	0	38	49	12	21	31	38	3	42	18	28	39	23	45	12	46	4	14	4	30	10
32	13	12	28	34	17	4	44	10	24	5	8	31	48	2	35	23	7	8	47	0	0	32	13	40	39	21	1	0	49	24	11	14	41	17	23	10	29	10	34	11	44	16	47	25	11	32	29	8	12	40	40	12	45	38	0	5	45	29	11	19	34	13	10	33	10	49	4	21	39	3	41	6	39	20
10	37	25	12	12	26	42	46	31	3	33	39	28	8	38	19	6	26	27	26	42	8	2	39	18	33	28	13	42	1	22	49	45	47	28	34	25	43	41	18	37	4	21	4	21	5	4	27	12	29	34	2	49	9	49	5	0	31	6	1	5	12	4	15	4	43	31	11	2	41	46	16	16	43	18
42	46	7	7	34	15	30	38	22	29	0	8	35	21	3	31	24	31	13	41	14	1	16	6	6	11	37	38	48	13	12	49	22	8	6	4	37	25	45	8	46	20	4	12	44	17	1	33	0	42	36	31	20	27	12	45	31	0	24	39	18	5	28	13	9	43	18	45	21	11	28	21	2	29	5
0	3	0	6	17	27	12	22	13	16	49	41	26	34	36	12	1	9	10	31	14	4	44	24	11	44	5	33	8	23	25	9	24	30	21	37	30	11	37	22	31	7	38	49	36	26	42	32	12	5	43	31	0	41	21	29	6	24	0	2	23	30	10	41	30	3	26	24	36	28	25	24	45	8	22
10	3	49	35	35	48	3	35	7	41	21	17	4	12	20	3	27	7	8	39	36	3	39	6	46	48	4	34	29	38	33	31	13	47	1	9	32	13	31	22	12	22	13	33	26	49	43	47	8	7	46	9	32	34	31	11	1	39	2	0	9	45	26	41	38	5	15	16	8	14	0	12	17	23	47
3	7	6	11	24	4	30	11	8	22	48	22	2	22	1	12	29	29	17	9	38	34	30	16	48	40	6	25	1	17	30	39	8	3	27	33	43	25	16	25	13	39	23	26	29	11	29	38	31	47	11	38	0	46	38	19	5	18	23	9	0	31	16	25	20	30	43	32	16	13	41	44	12	25	9
4	11	43	15	24	33	26	8	6	15	8	46	4	44	21	34	23	26	33	31	23	40	7	3	5	31	9	47	22	13	31	46	16	5	21	19	30	44	13	37	0	33	22	21	49	8	4	24	9	1	2	25	14	11	3	34	12	5	30	45	31	0	43	7	49	11	28	3	16	49	17	18	26	0	30
43	25	40	15	6	4	15	36	5	2	10	9	42	31	44	19	49	10	25	16	46	6	39	48	42	12	37	3	6	13	3	14	0	1	21	25	31	16	0	27	7	40	7	8	1	3	9	5	1	29	23	33	10	20	42	13	4	28	10	26	16	43	0	7	11	29	35	21	14	44	13	44	14	40	14
4	33	38	37	43	43	18	7	32	20	7	47	45	27	47	28	47	8	37	39	14	22	28	7	45	38	8	33	37	3	4	23	32	39	15	42	28	18	46	29	13	15	44	48	33	40	8	21	4	13	30	35	4	0	18	10	15	13	41	41	25	7	7	0	3	34	29	27	10	23	9	32	16	37	20
29	38	36	5	34	11	4	41	27	46	16	27	35	25	45	8	46	39	15	46	6	37	23	40	21	39	13	23	31	46	34	34	1	11	19	2	18	34	44	48	39	7	24	38	0	27	27	32	7	48	48	0	13	8	28	33	4	9	30	38	20	49	11	3	0	42	0	1	36	39	29	37	47	27	24
16	39	12	36	16	36	25	11	41	29	47	30	27	31	15	2	48	36	9	5	45	22	18	3	8	46	44	11	40	41	41	25	30	45	2	34	31	11	16	46	21	26	6	6	27	24	22	24	28	7	8	30	36	18	39	10	43	43	3	5	30	11	29	34	42	0	45	17	18	27	39	17	13	10	16
40	42	15	2	13	38	31	42	25	47	18	16	35	19	44	28	30	34	41	45	4	22	23	41	34	25	17	23	8	12	30	25	10	43	39	43	17	26	26	11	47	6	41	47	48	0	8	13	10	49	40	11	22	14	23	49	31	18	26	15	43	28	35	29	0	45	0	40	34	13	33	15	27	9	12
38	33	37	25	6	1	29	33	40	47	47	35	40	17	28	6	48	48	10	23	15	14	13	10	9	23	39	16	35	23	21	13	6	0	49	4	26	24	3	30	3	23	19	47	15	43	29	31	25	1	28	38	2	43	45	4	11	45	24	16	32	3	21	27	1	17	40	0	24	1	44	35	11	24	36
28	43	4	42	38	23	49	31	46	13	20	43	38	13	29	11	4	48	15	47	5	4	5	13	31	18	2	26	49	7	39	7	12	14	30	43	48	26	9	39	16	11	26	0	13	39	20	12	8	11	43	3	8	42	12	21	2	21	36	8	16	16	14	10	36	18	34	24	0	38	18	36	33	15	17
26	35	20	30	13	9	45	25	40	5	6	46	27	28	48	10	14	12	49	32	37	13	21	46	0	39	26	31	39	22	2	11	38	33	48	41	9	10	9	23	7	3	12	11	28	40	49	3	21	13	5	5	43	12	46	39	41	11	28	14	13	49	44	23	39	27	13	1	38	0	2	28	48	26	4
42	8	45	7	32	4	8	3	8	31	13	11	29	24	6	31	11	9	7	2	40	10	42	23	35	26	10	38	9	22	19	3	13	37	38	27	9	32	34	23	40	0	19	35	27	11	24	4	1	7	44	1	23	2	4	3	46	28	25	0	41	17	13	9	29	39	33	44	18	2	0	40	42	38	0
20	8	29	4	38	4	5	2	36	0	3	31	38	40	42	23	10	32	34	41	42	25	5	2	13	4	34	42	41	14	9	43	7	16	20	19	37	41	38	43	46	36	10	15	5	13	3	36	10	37	10	17	12	44	14	41	16	21	24	12	44	18	44	32	37	17	15	35	36	28	40	0	13	7	6
43	9	24	10	46	17	46	8	4	23	33	38	2	16	29	42	30	36	20	43	10	0	42	36	32	30	6	34	28	43	21	33	10	4	7	40	13	0	39	47	8	46	20	19	38	34	34	18	11	30	47	44	14	8	4	6	16	2	45	17	12	26	14	16	47	13	27	11	33	48	42	13	0	43	1
42	42	43	46	40	5	32	41	8	37	47	9	13	9	1	2	29	2	1	18	38	44	7	6	36	19	49	44	41	12	41	4	31	10	42	9	5	38	46	22	7	47	1	5	34	13	38	42	21	20	10	37	41	48	30	39	43	29	8	23	25	0	40	37	27	10	9	24	15	26	38	7	43	0	26
18	20	32	41	16	49	23	23	14	4	23	12	4	39	22	22	13	3	40	44	37	3	8	0	36	35	22	32	18	39	26	4	11	22	4	31	47	38	4	18	38	20	4	26	49	11	27	21	7	0	5	12	44	23	10	20	18	5	22	47	9	30	14	20	24	16	12	36	17	4	0	6	1	26	0
