75
1	 27	 2005	 2029	 12	 100
2	 10	 1308	 1316	 25	 30
3	 1	 1936	 1938	 6	 58
4	 15	 931	 941	 12	 30
5	 70	 1394	 1422	 19	 25
6	 24	 1180	 1194	 84	 90
7	 73	 3670	 3748	 7	 74
8	 16	 800	 870	 38	 41
9	 81	 3893	 3975	 25	 32
10	 1	 1270	 1336	 1	 85
11	 3	 1502	 1534	 87	 96
12	 50	 2954	 2980	 28	 29
13	 96	 2574	 2586	 45	 46
14	 12	 715	 783	 14	 43
15	 82	 342	 416	 39	 75
16	 22	 1455	 1473	 63	 79
17	 17	 2453	 2473	 47	 71
18	 98	 1939	 2017	 21	 32
19	 22	 2227	 2243	 14	 21
20	 14	 1280	 1302	 28	 55
21	 2	 857	 937	 43	 79
22	 38	 3281	 3309	 57	 71
23	 79	 3335	 3387	 1	 40
24	 14	 2310	 2322	 7	 33
25	 11	 1035	 1047	 12	 50
26	 27	 1238	 1292	 18	 35
27	 40	 163	 187	 46	 79
28	 1	 3844	 3892	 37	 39
29	 85	 3716	 3774	 56	 59
30	 16	 2856	 2878	 21	 60
31	 25	 1669	 1705	 20	 29
32	 5	 2348	 2356	 4	 43
33	 60	 82	 122	 15	 74
34	 96	 1358	 1360	 21	 33
35	 15	 2643	 2651	 68	 99
36	 87	 2276	 2326	 4	 24
37	 37	 2663	 2699	 0	 35
38	 33	 1717	 1731	 13	 25
39	 46	 2486	 2506	 2	 30
40	 60	 358	 378	 5	 96
41	 35	 2952	 2986	 27	 31
42	 95	 1911	 1983	 29	 63
43	 5	 1422	 1470	 22	 89
44	 62	 3537	 3569	 42	 55
45	 76	 1183	 1267	 16	 75
46	 77	 1530	 1588	 8	 50
47	 35	 3588	 3668	 49	 64
48	 30	 2388	 2422	 37	 75
49	 19	 679	 715	 2	 37
50	 40	 2991	 3011	 30	 66
51	 82	 2807	 2819	 0	 89
52	 95	 333	 401	 25	 28
53	 71	 3184	 3250	 6	 22
54	 36	 809	 863	 35	 41
55	 8	 2369	 2373	 41	 88
56	 40	 257	 305	 25	 31
57	 17	 1168	 1220	 1	 25
58	 92	 1654	 1724	 7	 71
59	 40	 3529	 3583	 14	 35
60	 35	 3623	 3693	 10	 67
61	 93	 62	 116	 30	 41
62	 44	 3495	 3561	 14	 46
63	 64	 1750	 1790	 14	 27
64	 12	 3472	 3540	 31	 38
65	 53	 22	 88	 2	 37
66	 20	 430	 480	 17	 35
67	 77	 3453	 3517	 62	 81
68	 22	 808	 890	 17	 26
69	 98	 1461	 1547	 22	 37
70	 39	 2866	 2888	 20	 58
71	 96	 2476	 2546	 45	 56
72	 47	 1622	 1624	 42	 72
73	 37	 3312	 3322	 12	 89
74	 65	 2168	 2172	 28	 38
75	 17	 1882	 1928	 28	 51
0	1	45	26	17	25	5	32	47	44	36	39	46	13	26	49	22	4	37	29	19	33	32	48	27	20	2	1	42	8	41	47	0	29	49	5	4	6	32	30	11	47	0	49	25	32	35	30	21	11	22	2	49	20	8	28	9	44	45	10	8	8	23	17	42	33	8	47	48	29	41	7	24	5	17
1	0	10	7	37	6	46	13	24	24	0	32	48	26	39	9	47	14	36	28	20	18	42	20	13	24	20	42	8	5	16	20	6	8	49	43	25	46	44	23	17	10	15	12	25	43	33	16	13	1	22	0	9	10	14	31	6	11	0	16	29	43	40	46	27	20	25	41	23	21	36	14	26	42	45
45	10	0	47	14	14	45	1	33	12	30	3	0	4	49	43	32	33	6	43	21	36	18	19	9	49	46	12	44	31	7	38	20	34	25	9	16	9	6	30	12	17	4	4	31	8	27	39	27	41	12	4	26	40	4	32	46	18	47	31	40	0	9	30	23	48	8	3	2	39	1	28	6	39	7
26	7	47	0	7	44	28	34	9	46	28	3	26	28	7	21	3	33	13	38	37	5	4	8	1	10	48	43	0	23	4	2	33	13	9	46	5	43	9	3	30	19	29	24	19	13	30	20	27	13	10	5	41	43	22	29	46	17	22	48	4	12	1	29	13	9	28	22	0	26	4	2	10	2	48
17	37	14	7	0	25	21	43	43	31	32	0	16	9	38	12	2	5	35	4	16	18	19	5	6	35	42	35	24	30	13	47	39	22	12	1	20	17	12	1	49	11	33	33	27	32	48	16	25	5	43	11	33	31	38	47	11	9	15	45	15	3	25	35	5	36	40	46	46	22	3	9	27	34	14
25	6	14	44	25	0	0	15	8	3	45	0	18	6	24	41	27	37	48	9	40	2	6	8	11	36	12	7	41	20	23	1	1	25	23	14	41	3	49	5	31	21	26	11	7	2	34	13	32	19	35	0	12	29	19	25	3	27	47	12	19	31	17	2	34	28	24	5	47	45	28	6	45	21	19
5	46	45	28	21	0	0	8	1	31	20	4	35	34	37	2	15	28	49	6	26	11	35	29	4	16	40	37	36	10	1	13	36	2	9	32	44	34	36	42	34	4	46	14	36	17	21	40	22	27	31	28	27	48	37	23	2	16	29	31	19	25	1	19	18	44	32	0	42	35	41	9	28	23	15
32	13	1	34	43	15	8	0	9	11	48	42	35	26	47	6	44	30	26	16	46	28	47	14	29	24	11	26	22	46	5	2	43	15	10	48	33	12	14	28	6	40	7	19	39	6	24	30	42	1	36	11	40	41	31	9	25	0	10	43	22	28	43	22	12	47	42	36	19	25	5	29	33	37	19
47	24	33	9	43	8	1	9	0	42	24	9	39	0	29	33	39	39	43	34	11	8	15	38	15	36	23	41	7	8	38	7	15	21	40	42	30	28	0	30	45	41	1	25	17	48	8	29	4	9	2	27	2	8	14	18	37	25	6	32	37	48	2	32	44	25	24	5	32	49	42	20	7	11	3
44	24	12	46	31	3	31	11	42	0	24	3	23	23	31	14	7	14	39	26	0	27	40	48	8	43	35	32	38	32	48	13	29	20	44	49	45	37	38	32	24	44	25	13	38	35	36	43	36	5	10	41	42	13	8	37	25	19	23	18	17	0	39	44	33	4	15	24	21	44	10	13	30	44	32
36	0	30	28	32	45	20	48	24	24	0	49	17	41	8	40	12	40	15	26	1	0	41	7	46	42	21	5	24	5	24	11	47	5	11	43	45	37	24	22	5	2	1	3	32	8	4	48	15	45	10	40	10	19	10	47	34	19	31	46	20	25	15	4	18	22	8	6	8	14	18	36	7	2	25
39	32	3	3	0	0	4	42	9	3	49	0	27	6	15	29	44	20	2	35	18	32	33	30	24	49	0	14	11	49	7	30	11	19	7	39	27	48	3	7	48	6	16	46	31	13	10	16	40	27	16	7	47	20	14	39	30	37	6	19	5	2	37	14	26	46	1	11	33	7	33	28	20	38	42
46	48	0	26	16	18	35	35	39	23	17	27	0	13	8	16	27	24	8	0	1	25	17	42	10	39	8	7	35	30	39	27	18	16	43	23	38	29	19	28	41	14	49	1	20	47	7	20	9	36	5	32	35	41	16	28	15	43	0	12	36	11	20	39	11	22	47	35	8	38	33	45	26	46	27
13	26	4	28	9	6	34	26	0	23	41	6	13	0	24	13	46	39	27	23	25	30	39	9	7	7	21	39	11	11	14	27	31	39	5	20	2	18	6	49	42	11	34	47	44	11	12	24	24	8	34	8	11	34	4	29	22	24	47	48	6	24	1	6	17	1	30	37	30	5	29	34	35	39	41
26	39	49	7	38	24	37	47	29	31	8	15	8	24	0	4	43	5	42	8	7	49	42	25	18	7	33	12	44	31	34	13	15	6	30	0	27	28	31	30	7	24	20	18	14	10	33	48	7	6	49	11	39	1	45	5	9	13	6	18	8	20	27	13	47	0	3	43	7	33	35	6	33	9	26
49	9	43	21	12	41	2	6	33	14	40	29	16	13	4	0	13	42	46	6	32	12	40	21	30	6	20	9	41	3	43	22	31	11	13	21	39	49	9	43	49	43	13	35	25	12	11	7	5	35	15	41	20	35	48	14	19	40	27	30	26	33	45	15	43	39	19	20	35	9	9	13	26	14	16
22	47	32	3	2	27	15	44	39	7	12	44	27	46	43	13	0	40	7	12	28	40	28	5	2	45	30	19	11	41	31	47	41	34	34	13	25	36	4	20	9	3	19	12	6	36	10	31	11	13	34	21	43	19	1	27	28	32	41	30	28	16	3	5	17	47	40	42	12	28	47	0	16	47	20
4	14	33	33	5	37	28	30	39	14	40	20	24	39	5	42	40	0	9	25	1	0	0	40	29	37	17	31	33	20	1	34	29	33	2	32	13	5	20	38	13	14	25	14	26	34	13	43	0	15	40	27	3	23	30	6	9	6	37	0	33	6	16	48	42	29	3	37	1	27	25	40	22	42	30
37	36	6	13	35	48	49	26	43	39	15	2	8	27	42	46	7	9	0	7	43	9	9	6	45	0	26	27	41	4	49	47	26	5	7	47	30	4	37	44	41	46	41	3	9	13	38	31	28	40	23	15	49	17	46	20	42	31	32	40	23	9	7	3	11	26	0	14	5	0	37	35	6	32	46
29	28	43	38	4	9	6	16	34	26	26	35	0	23	8	6	12	25	7	0	25	6	11	7	26	13	40	5	37	7	28	16	37	0	5	6	45	20	46	2	4	30	17	3	37	27	39	4	29	13	35	45	10	30	47	11	12	8	38	27	20	4	25	43	11	49	4	46	46	41	49	45	7	33	43
19	20	21	37	16	40	26	46	11	0	1	18	1	25	7	32	28	1	43	25	0	36	0	19	0	46	15	14	20	25	31	46	17	20	2	1	31	27	41	0	37	15	25	21	33	27	5	0	27	20	1	25	9	40	3	32	9	20	23	3	2	19	48	37	27	17	11	47	14	23	26	7	38	32	19
33	18	36	5	18	2	11	28	8	27	0	32	25	30	49	12	40	0	9	6	36	0	23	6	39	21	44	40	19	25	0	45	11	15	20	12	3	28	28	44	24	13	47	19	18	37	28	13	31	39	33	39	38	41	26	35	3	33	6	18	27	37	3	5	12	5	41	34	30	13	10	3	43	1	17
32	42	18	4	19	6	35	47	15	40	41	33	17	39	42	40	28	0	9	11	0	23	0	6	2	29	40	1	19	0	3	40	46	4	35	44	48	28	43	48	11	3	39	10	14	9	3	6	49	4	47	26	10	33	39	5	19	15	25	7	35	33	29	48	8	23	25	2	8	29	49	17	33	40	14
48	20	19	8	5	8	29	14	38	48	7	30	42	9	25	21	5	40	6	7	19	6	6	0	45	27	9	20	21	20	38	3	29	5	17	0	26	1	45	35	4	17	25	17	24	10	43	47	17	11	2	40	3	29	31	7	33	8	1	49	0	15	6	32	41	46	5	17	8	38	1	32	38	23	30
27	13	9	1	6	11	4	29	15	8	46	24	10	7	18	30	2	29	45	26	0	39	2	45	0	30	29	16	40	18	12	13	19	18	10	9	43	17	14	0	9	15	27	42	41	38	20	19	33	17	42	9	0	2	41	23	27	26	4	11	43	37	25	20	23	6	47	31	23	4	49	3	21	13	38
20	24	49	10	35	36	16	24	36	43	42	49	39	7	7	6	45	37	0	13	46	21	29	27	30	0	11	15	18	26	45	32	48	9	20	30	31	6	0	49	21	13	33	14	37	9	11	37	15	40	35	27	44	36	42	27	7	3	41	42	39	7	33	32	1	49	9	24	43	24	18	6	12	28	43
2	20	46	48	42	12	40	11	23	35	21	0	8	21	33	20	30	17	26	40	15	44	40	9	29	11	0	24	32	46	21	18	44	2	38	21	8	34	46	30	10	34	48	2	14	3	8	0	12	10	21	7	48	3	27	22	33	15	10	8	11	25	4	47	19	23	48	11	46	38	1	3	38	6	3
1	42	12	43	35	7	37	26	41	32	5	14	7	39	12	9	19	31	27	5	14	40	1	20	16	15	24	0	34	14	44	15	49	29	21	8	21	27	13	1	10	48	49	2	5	17	27	36	27	46	9	34	19	16	32	16	4	6	43	37	22	8	29	3	18	11	16	9	14	14	40	40	43	25	6
42	8	44	0	24	41	36	22	7	38	24	11	35	11	44	41	11	33	41	37	20	19	19	21	40	18	32	34	0	17	19	48	44	3	44	2	35	30	43	15	28	48	34	36	6	46	19	22	19	12	12	29	2	14	7	23	43	9	15	46	28	25	44	31	34	6	49	49	8	49	11	25	35	4	44
8	5	31	23	30	20	10	46	8	32	5	49	30	11	31	3	41	20	4	7	25	25	0	20	18	26	46	14	17	0	26	10	28	35	6	42	29	32	3	37	0	40	8	19	8	9	12	35	32	44	17	46	7	13	25	0	6	13	25	49	24	29	40	30	36	22	9	10	1	48	35	38	48	22	35
41	16	7	4	13	23	1	5	38	48	24	7	39	14	34	43	31	1	49	28	31	0	3	38	12	45	21	44	19	26	0	0	49	43	1	2	3	49	32	44	21	43	40	12	31	27	6	33	46	42	45	11	35	0	2	12	40	15	10	46	48	7	33	44	4	32	22	34	7	41	37	22	18	25	42
47	20	38	2	47	1	13	2	7	13	11	30	27	27	13	22	47	34	47	16	46	45	40	3	13	32	18	15	48	10	0	0	6	28	6	1	39	27	9	41	19	43	36	34	44	9	3	44	16	10	40	11	18	9	29	29	27	49	38	8	40	35	45	39	28	46	11	28	26	25	14	34	34	13	16
0	6	20	33	39	1	36	43	15	29	47	11	18	31	15	31	41	29	26	37	17	11	46	29	19	48	44	49	44	28	49	6	0	20	7	19	25	17	42	46	27	0	39	2	30	5	31	27	24	41	32	33	45	1	39	8	11	5	43	37	1	48	32	22	24	45	38	13	42	10	9	43	42	4	48
29	8	34	13	22	25	2	15	21	20	5	19	16	39	6	11	34	33	5	0	20	15	4	5	18	9	2	29	3	35	43	28	20	0	35	31	2	8	21	47	28	41	43	33	40	40	3	15	12	30	36	10	34	19	15	13	27	3	35	27	22	44	30	47	9	30	8	48	7	48	34	21	15	12	30
49	49	25	9	12	23	9	10	40	44	11	7	43	5	30	13	34	2	7	5	2	20	35	17	10	20	38	21	44	6	1	6	7	35	0	31	27	4	28	16	20	11	3	2	24	0	36	32	45	28	16	34	37	45	49	0	46	2	39	12	22	38	31	26	31	7	41	14	0	4	35	37	34	46	5
5	43	9	46	1	14	32	48	42	49	43	39	23	20	0	21	13	32	47	6	1	12	44	0	9	30	21	8	2	42	2	1	19	31	31	0	40	3	49	20	36	36	23	41	27	42	24	42	38	39	8	1	38	0	0	45	31	38	19	40	14	20	5	41	28	7	9	6	42	26	18	14	32	43	37
4	25	16	5	20	41	44	33	30	45	45	27	38	2	27	39	25	13	30	45	31	3	48	26	43	31	8	21	35	29	3	39	25	2	27	40	0	29	48	29	5	8	3	28	19	9	12	1	43	35	45	38	43	14	48	4	14	33	48	10	8	45	2	18	17	19	49	29	12	25	41	21	43	6	8
6	46	9	43	17	3	34	12	28	37	37	48	29	18	28	49	36	5	4	20	27	28	28	1	17	6	34	27	30	32	49	27	17	8	4	3	29	0	19	27	13	49	32	14	0	38	25	25	41	16	49	1	5	33	13	46	12	8	35	12	37	30	14	0	31	43	14	4	9	12	30	37	9	29	35
32	44	6	9	12	49	36	14	0	38	24	3	19	6	31	9	4	20	37	46	41	28	43	45	14	0	46	13	43	3	32	9	42	21	28	49	48	19	0	38	46	25	49	6	23	33	36	0	4	29	31	48	8	33	16	2	41	25	24	12	20	40	38	49	47	20	7	31	42	5	19	3	11	10	40
30	23	30	3	1	5	42	28	30	32	22	7	28	49	30	43	20	38	44	2	0	44	48	35	0	49	30	1	15	37	44	41	46	47	16	20	29	27	38	0	37	33	17	8	21	13	15	48	0	43	46	9	47	39	35	45	0	47	16	5	17	33	6	31	38	36	15	8	13	26	6	38	29	26	28
11	17	12	30	49	31	34	6	45	24	5	48	41	42	7	49	9	13	41	4	37	24	11	4	9	21	10	10	28	0	21	19	27	28	20	36	5	13	46	37	0	20	3	41	25	46	24	14	4	44	37	25	8	3	42	23	33	42	16	18	32	48	23	3	36	17	45	39	9	29	40	18	26	7	35
47	10	17	19	11	21	4	40	41	44	2	6	14	11	24	43	3	14	46	30	15	13	3	17	15	13	34	48	48	40	43	43	0	41	11	36	8	49	25	33	20	0	29	48	24	36	10	41	24	29	44	3	31	18	11	6	42	25	21	22	2	29	47	24	15	9	9	37	17	29	36	45	19	0	1
0	15	4	29	33	26	46	7	1	25	1	16	49	34	20	13	19	25	41	17	25	47	39	25	27	33	48	49	34	8	40	36	39	43	3	23	3	32	49	17	3	29	0	48	1	25	7	8	34	48	45	47	0	32	6	34	48	48	33	33	37	34	17	44	12	8	2	10	0	1	49	36	26	30	24
49	12	4	24	33	11	14	19	25	13	3	46	1	47	18	35	12	14	3	3	21	19	10	17	42	14	2	2	36	19	12	34	2	33	2	41	28	14	6	8	41	48	48	0	7	7	47	30	30	5	35	47	9	27	7	19	28	45	35	7	12	40	13	40	9	5	25	7	22	33	3	7	35	7	39
25	25	31	19	27	7	36	39	17	38	32	31	20	44	14	25	6	26	9	37	33	18	14	24	41	37	14	5	6	8	31	44	30	40	24	27	19	0	23	21	25	24	1	7	0	15	14	18	41	47	44	32	45	34	11	21	31	41	5	26	28	13	49	0	24	13	37	28	39	14	42	9	10	34	13
32	43	8	13	32	2	17	6	48	35	8	13	47	11	10	12	36	34	13	27	27	37	9	10	38	9	3	17	46	9	27	9	5	40	0	42	9	38	33	13	46	36	25	7	15	0	37	3	41	4	15	1	30	4	19	28	40	10	6	40	34	25	40	42	23	45	21	40	17	41	38	4	4	33	27
35	33	27	30	48	34	21	24	8	36	4	10	7	12	33	11	10	13	38	39	5	28	3	43	20	11	8	27	19	12	6	3	31	3	36	24	12	25	36	15	24	10	7	47	14	37	0	2	19	30	5	38	33	14	23	7	20	18	7	42	36	20	29	43	20	1	26	11	5	16	32	13	15	47	33
30	16	39	20	16	13	40	30	29	43	48	16	20	24	48	7	31	43	31	4	0	13	6	47	19	37	0	36	22	35	33	44	27	15	32	42	1	25	0	48	14	41	8	30	18	3	2	0	22	6	13	41	5	12	26	21	5	35	16	15	11	2	43	9	3	2	47	5	0	36	9	16	1	0	9
21	13	27	27	25	32	22	42	4	36	15	40	9	24	7	5	11	0	28	29	27	31	49	17	33	15	12	27	19	32	46	16	24	12	45	38	43	41	4	0	4	24	34	30	41	41	19	22	0	42	34	23	37	4	24	36	28	15	28	35	29	9	37	49	23	49	22	22	31	24	1	37	11	2	48
11	1	41	13	5	19	27	1	9	5	45	27	36	8	6	35	13	15	40	13	20	39	4	11	17	40	10	46	12	44	42	10	41	30	28	39	35	16	29	43	44	29	48	5	47	4	30	6	42	0	8	28	26	4	44	9	21	20	48	24	15	37	44	8	48	27	41	22	28	1	37	22	18	8	49
22	22	12	10	43	35	31	36	2	10	10	16	5	34	49	15	34	40	23	35	1	33	47	2	42	35	21	9	12	17	45	40	32	36	16	8	45	49	31	46	37	44	45	35	44	15	5	13	34	8	0	0	37	8	42	5	46	39	32	3	24	33	9	38	38	20	15	8	12	10	37	34	1	9	30
2	0	4	5	11	0	28	11	27	41	40	7	32	8	11	41	21	27	15	45	25	39	26	40	9	27	7	34	29	46	11	11	33	10	34	1	38	1	48	9	25	3	47	47	32	1	38	41	23	28	0	0	16	25	46	1	47	37	24	19	38	40	3	29	33	39	26	32	30	34	13	7	7	26	4
49	9	26	41	33	12	27	40	2	42	10	47	35	11	39	20	43	3	49	10	9	38	10	3	0	44	48	19	2	7	35	18	45	34	37	38	43	5	8	47	8	31	0	9	45	30	33	5	37	26	37	16	0	39	31	19	11	26	0	39	8	28	7	37	7	16	13	33	36	45	38	2	49	10	30
20	10	40	43	31	29	48	41	8	13	19	20	41	34	1	35	19	23	17	30	40	41	33	29	2	36	3	16	14	13	0	9	1	19	45	0	14	33	33	39	3	18	32	27	34	4	14	12	4	4	8	25	39	0	7	33	40	20	12	45	45	30	44	12	32	40	1	22	8	20	21	49	31	3	13
8	14	4	22	38	19	37	31	14	8	10	14	16	4	45	48	1	30	46	47	3	26	39	31	41	42	27	32	7	25	2	29	39	15	49	0	48	13	16	35	42	11	6	7	11	19	23	26	24	44	42	46	31	7	0	24	12	0	41	3	0	28	43	41	43	0	23	24	29	33	3	20	17	38	23
28	31	32	29	47	25	23	9	18	37	47	39	28	29	5	14	27	6	20	11	32	35	5	7	23	27	22	16	23	0	12	29	8	13	0	45	4	46	2	45	23	6	34	19	21	28	7	21	36	9	5	1	19	33	24	0	3	10	38	42	5	21	7	9	1	41	11	43	4	47	33	13	33	17	43
9	6	46	46	11	3	2	25	37	25	34	30	15	22	9	19	28	9	42	12	9	3	19	33	27	7	33	4	43	6	40	27	11	27	46	31	14	12	41	0	33	42	48	28	31	40	20	5	28	21	46	47	11	40	12	3	0	2	2	10	22	23	45	30	39	5	34	20	29	11	25	42	21	40	9
44	11	18	17	9	27	16	0	25	19	19	37	43	24	13	40	32	6	31	8	20	33	15	8	26	3	15	6	9	13	15	49	5	3	2	38	33	8	25	47	42	25	48	45	41	10	18	35	15	20	39	37	26	20	0	10	2	0	4	5	21	27	36	21	49	8	17	40	7	11	18	36	14	6	41
45	0	47	22	15	47	29	10	6	23	31	6	0	47	6	27	41	37	32	38	23	6	25	1	4	41	10	43	15	25	10	38	43	35	39	19	48	35	24	16	16	21	33	35	5	6	7	16	28	48	32	24	0	12	41	38	2	4	0	1	47	38	24	27	6	23	10	46	39	2	10	23	9	17	7
10	16	31	48	45	12	31	43	32	18	46	19	12	48	18	30	30	0	40	27	3	18	7	49	11	42	8	37	46	49	46	8	37	27	12	40	10	12	12	5	18	22	33	7	26	40	42	15	35	24	3	19	39	45	3	42	10	5	1	0	36	20	40	2	21	2	29	16	20	47	22	13	30	26	15
8	29	40	4	15	19	19	22	37	17	20	5	36	6	8	26	28	33	23	20	2	27	35	0	43	39	11	22	28	24	48	40	1	22	22	14	8	37	20	17	32	2	37	12	28	34	36	11	29	15	24	38	8	45	0	5	22	21	47	36	0	15	2	41	20	16	40	5	39	9	8	31	3	23	30
8	43	0	12	3	31	25	28	48	0	25	2	11	24	20	33	16	6	9	4	19	37	33	15	37	7	25	8	25	29	7	35	48	44	38	20	45	30	40	33	48	29	34	40	13	25	20	2	9	37	33	40	28	30	28	21	23	27	38	20	15	0	2	45	22	28	24	14	17	31	0	0	48	41	42
23	40	9	1	25	17	1	43	2	39	15	37	20	1	27	45	3	16	7	25	48	3	29	6	25	33	4	29	44	40	33	45	32	30	31	5	2	14	38	6	23	47	17	13	49	40	29	43	37	44	9	3	7	44	43	7	45	36	24	40	2	2	0	5	46	3	2	47	33	41	3	46	36	11	43
17	46	30	29	35	2	19	22	32	44	4	14	39	6	13	15	5	48	3	43	37	5	48	32	20	32	47	3	31	30	44	39	22	47	26	41	18	0	49	31	3	24	44	40	0	42	43	9	49	8	38	29	37	12	41	9	30	21	27	2	41	45	5	0	42	19	6	15	31	7	24	24	1	27	27
42	27	23	13	5	34	18	12	44	33	18	26	11	17	47	43	17	42	11	11	27	12	8	41	23	1	19	18	34	36	4	28	24	9	31	28	17	31	47	38	36	15	12	9	24	23	20	3	23	48	38	33	7	32	43	1	39	49	6	21	20	22	46	42	0	30	21	19	30	15	2	12	49	3	10
33	20	48	9	36	28	44	47	25	4	22	46	22	1	0	39	47	29	26	49	17	5	23	46	6	49	23	11	6	22	32	46	45	30	7	7	19	43	20	36	17	9	8	5	13	45	1	2	49	27	20	39	16	40	0	41	5	8	23	2	16	28	3	19	30	0	27	9	0	10	6	20	25	22	0
8	25	8	28	40	24	32	42	24	15	8	1	47	30	3	19	40	3	0	4	11	41	25	5	47	9	48	16	49	9	22	11	38	8	41	9	49	14	7	15	45	9	2	25	37	21	26	47	22	41	15	26	13	1	23	11	34	17	10	29	40	24	2	6	21	27	0	4	27	23	10	17	16	5	0
47	41	3	22	46	5	0	36	5	24	6	11	35	37	43	20	42	37	14	46	47	34	2	17	31	24	11	9	49	10	34	28	13	48	14	6	29	4	31	8	39	37	10	7	28	40	11	5	22	22	8	32	33	22	24	43	20	40	46	16	5	14	47	15	19	9	4	0	8	42	7	12	29	48	24
48	23	2	0	46	47	42	19	32	21	8	33	8	30	7	35	12	1	5	46	14	30	8	8	23	43	46	14	8	1	7	26	42	7	0	42	12	9	42	13	9	17	0	22	39	17	5	0	31	28	12	30	36	8	29	4	29	7	39	20	39	17	33	31	30	0	27	8	0	0	13	16	4	8	47
29	21	39	26	22	45	35	25	49	44	14	7	38	5	33	9	28	27	0	41	23	13	29	38	4	24	38	14	49	48	41	25	10	48	4	26	25	12	5	26	29	29	1	33	14	41	16	36	24	1	10	34	45	20	33	47	11	11	2	47	9	31	41	7	15	10	23	42	0	0	37	8	34	7	38
41	36	1	4	3	28	41	5	42	10	18	33	33	29	35	9	47	25	37	49	26	10	49	1	49	18	1	40	11	35	37	14	9	34	35	18	41	30	19	6	40	36	49	3	42	38	32	9	1	37	37	13	38	21	3	33	25	18	10	22	8	0	3	24	2	6	10	7	13	37	0	44	39	16	30
7	14	28	2	9	6	9	29	20	13	36	28	45	34	6	13	0	40	35	45	7	3	17	32	3	6	3	40	25	38	22	34	43	21	37	14	21	37	3	38	18	45	36	7	9	4	13	16	37	22	34	7	2	49	20	13	42	36	23	13	31	0	46	24	12	20	17	12	16	8	44	0	14	18	1
24	26	6	10	27	45	28	33	7	30	7	20	26	35	33	26	16	22	6	7	38	43	33	38	21	12	38	43	35	48	18	34	42	15	34	32	43	9	11	29	26	19	26	35	10	4	15	1	11	18	1	7	49	31	17	33	21	14	9	30	3	48	36	1	49	25	16	29	4	34	39	14	0	30	0
5	42	39	2	34	21	23	37	11	44	2	38	46	39	9	14	47	42	32	33	32	1	40	23	13	28	6	25	4	22	25	13	4	12	46	43	6	29	10	26	7	0	30	7	34	33	47	0	2	8	9	26	10	3	38	17	40	6	17	26	23	41	11	27	3	22	5	48	8	7	16	18	30	0	37
17	45	7	48	14	19	15	19	3	32	25	42	27	41	26	16	20	30	46	43	19	17	14	30	38	43	3	6	44	35	42	16	48	30	5	37	8	35	40	28	35	1	24	39	13	27	33	9	48	49	30	4	30	13	23	43	9	41	7	15	30	42	43	27	10	0	0	24	47	38	30	1	0	37	0
