75
1	 26	 2967	 2985	 35	 63
2	 63	 1522	 1578	 52	 74
3	 90	 883	 971	 53	 56
4	 48	 2730	 2814	 76	 93
5	 23	 4739	 4785	 75	 92
6	 51	 2572	 2596	 28	 77
7	 3	 866	 930	 79	 84
8	 63	 3076	 3094	 27	 64
9	 7	 1959	 2031	 8	 20
10	 59	 1557	 1579	 28	 56
11	 54	 3205	 3273	 64	 72
12	 89	 2272	 2322	 16	 48
13	 49	 638	 726	 50	 51
14	 20	 3189	 3281	 3	 67
15	 87	 4409	 4499	 66	 71
16	 42	 1417	 1491	 0	 37
17	 61	 3977	 4031	 41	 82
18	 31	 1245	 1251	 41	 82
19	 12	 1474	 1500	 77	 100
20	 52	 1499	 1503	 35	 42
21	 13	 987	 1027	 14	 95
22	 23	 3810	 3848	 13	 95
23	 99	 897	 917	 27	 34
24	 19	 919	 955	 9	 61
25	 15	 745	 771	 6	 21
26	 63	 665	 695	 14	 62
27	 87	 1876	 1920	 4	 24
28	 86	 3420	 3506	 7	 33
29	 1	 3087	 3149	 38	 63
30	 94	 3928	 3972	 19	 21
31	 14	 1666	 1706	 9	 62
32	 77	 2177	 2193	 54	 55
33	 100	 810	 846	 26	 37
34	 93	 1223	 1235	 34	 47
35	 51	 2992	 3012	 49	 100
36	 9	 601	 629	 36	 91
37	 98	 3068	 3078	 34	 59
38	 50	 334	 414	 14	 94
39	 79	 1569	 1625	 58	 74
40	 17	 486	 574	 41	 55
41	 63	 1775	 1785	 24	 41
42	 20	 2306	 2322	 7	 26
43	 3	 3027	 3103	 2	 28
44	 32	 4777	 4785	 9	 54
45	 2	 531	 599	 9	 94
46	 49	 4353	 4427	 87	 98
47	 48	 571	 659	 16	 24
48	 60	 1844	 1900	 25	 95
49	 42	 813	 859	 38	 72
50	 71	 2056	 2152	 10	 88
51	 87	 3997	 4025	 37	 82
52	 20	 2440	 2468	 38	 47
53	 88	 334	 422	 2	 50
54	 32	 4569	 4571	 15	 59
55	 8	 363	 409	 20	 96
56	 6	 3956	 4036	 33	 80
57	 77	 3716	 3768	 37	 49
58	 20	 932	 994	 18	 86
59	 49	 3419	 3507	 21	 64
60	 49	 2864	 2940	 17	 52
61	 31	 890	 938	 22	 64
62	 77	 718	 724	 64	 68
63	 99	 2897	 2953	 38	 67
64	 92	 2280	 2286	 25	 78
65	 93	 2921	 2949	 0	 61
66	 16	 3619	 3691	 3	 56
67	 17	 657	 661	 0	 43
68	 87	 4143	 4187	 19	 37
69	 26	 1869	 1937	 12	 47
70	 77	 385	 389	 22	 96
71	 85	 464	 474	 21	 30
72	 5	 566	 590	 34	 46
73	 70	 1293	 1341	 17	 35
74	 40	 4161	 4179	 1	 57
75	 62	 1107	 1155	 29	 40
0	21	26	49	20	8	35	1	42	1	15	39	36	32	38	25	13	44	40	43	40	37	19	13	15	32	23	2	30	0	25	36	9	40	9	15	28	0	10	4	31	5	40	45	4	30	0	44	36	46	27	12	6	47	2	29	4	7	14	34	12	0	37	40	43	8	7	0	45	47	27	20	1	0	24
21	0	4	27	37	44	42	16	30	13	26	7	12	9	26	7	49	7	33	37	25	21	11	6	25	11	18	19	24	6	35	45	33	34	18	34	45	31	30	27	47	8	11	39	46	24	15	39	6	30	13	37	32	14	28	45	13	25	19	22	44	41	9	47	34	10	8	7	16	7	6	10	8	26	26
26	4	0	15	12	13	27	0	18	42	47	5	44	16	22	1	27	24	18	12	32	11	40	5	33	39	5	45	16	36	42	49	22	24	27	4	9	32	6	10	36	46	13	18	28	0	7	40	0	19	41	10	19	45	48	0	27	18	16	14	43	35	26	6	42	36	6	29	43	14	1	28	44	11	9
49	27	15	0	4	11	5	29	8	21	21	23	35	0	39	32	29	47	32	49	17	5	17	30	28	40	48	45	41	37	19	30	41	35	19	25	23	16	2	0	21	2	10	38	20	14	7	14	25	4	26	28	46	20	2	45	19	16	25	2	7	7	47	10	6	8	38	27	23	48	32	21	44	27	49
20	37	12	4	0	27	45	5	33	36	24	0	9	28	44	15	41	1	22	30	7	20	35	16	2	5	7	8	30	32	15	8	3	39	28	36	13	15	34	12	7	29	41	35	20	22	3	36	30	0	4	19	41	8	39	49	13	11	49	33	23	15	9	43	36	4	6	16	28	28	11	47	0	44	3
8	44	13	11	27	0	30	1	15	9	20	14	9	42	25	3	1	12	47	25	48	40	0	19	28	24	22	1	33	18	49	35	23	9	0	6	37	2	28	43	12	17	13	12	45	30	33	31	30	15	5	42	14	30	10	32	8	41	25	18	11	31	25	45	42	34	6	31	33	14	13	33	16	15	28
35	42	27	5	45	30	0	20	46	9	12	27	43	16	31	23	3	33	33	4	14	4	24	17	44	14	9	5	10	4	9	37	15	35	0	36	28	15	48	31	12	10	44	4	3	45	43	42	11	20	2	8	12	23	45	3	6	14	29	33	3	8	33	35	8	12	16	11	21	39	20	42	29	29	25
1	16	0	29	5	1	20	0	23	6	4	11	42	7	3	6	40	8	24	44	24	19	43	5	38	49	23	35	33	8	39	1	7	12	30	1	9	35	30	46	22	32	15	33	5	20	4	38	23	43	45	45	11	13	42	32	27	36	26	34	15	11	29	18	5	48	47	15	26	45	23	46	18	6	0
42	30	18	8	33	15	46	23	0	29	45	40	30	0	46	45	46	5	18	12	45	30	5	32	1	17	8	16	2	9	38	30	45	13	43	9	48	42	18	36	42	30	15	4	26	48	3	8	11	43	35	39	0	9	20	7	32	7	39	42	15	4	34	9	36	3	3	44	33	15	12	39	20	49	6
1	13	42	21	36	9	9	6	29	0	26	11	13	42	48	24	16	47	2	47	38	5	43	9	39	27	42	9	6	25	10	39	24	9	23	25	5	31	33	35	4	28	7	12	16	35	26	11	48	10	14	44	19	37	7	48	33	32	13	14	18	6	32	0	31	25	9	13	38	41	49	42	13	22	21
15	26	47	21	24	20	12	4	45	26	0	5	6	11	38	10	4	11	41	3	3	5	5	4	33	23	10	12	19	2	43	1	1	2	19	6	7	38	6	2	26	5	22	17	42	15	8	19	21	43	21	0	49	41	4	37	46	44	35	17	6	13	7	4	27	48	4	15	11	15	32	13	23	39	11
39	7	5	23	0	14	27	11	40	11	5	0	1	21	5	17	5	22	23	22	49	6	23	42	36	45	11	11	21	1	8	32	20	36	38	24	31	22	13	36	7	26	46	16	42	23	2	42	44	6	2	4	23	5	8	11	43	24	42	0	43	39	44	3	26	13	38	40	24	4	11	17	22	13	40
36	12	44	35	9	9	43	42	30	13	6	1	0	19	17	42	11	0	3	46	30	16	34	41	23	24	6	32	29	47	10	36	16	6	26	38	6	8	12	27	20	28	40	14	8	48	47	49	8	48	35	29	14	13	7	4	27	16	19	15	4	14	36	17	21	9	30	0	12	15	39	46	2	9	44
32	9	16	0	28	42	16	7	0	42	11	21	19	0	1	4	20	8	3	1	28	26	3	15	25	42	39	32	35	41	8	20	36	15	16	42	31	22	17	48	9	35	42	17	48	10	35	49	43	42	36	5	29	28	29	22	35	9	18	18	48	1	4	24	9	35	17	39	40	11	8	4	8	40	49
38	26	22	39	44	25	31	3	46	48	38	5	17	1	0	48	3	37	34	18	4	0	6	32	34	28	35	47	21	11	9	8	45	14	24	45	9	44	21	10	46	31	22	11	20	23	8	49	1	45	11	12	8	47	43	43	20	26	38	39	6	10	19	25	18	44	40	44	10	9	37	39	46	23	2
25	7	1	32	15	3	23	6	45	24	10	17	42	4	48	0	13	38	18	28	4	47	46	33	2	6	0	16	41	24	1	7	14	2	11	41	7	23	5	27	40	33	49	1	33	8	1	23	32	16	40	6	33	12	12	5	42	4	25	12	29	1	19	9	36	3	25	12	11	23	1	25	12	5	7
13	49	27	29	41	1	3	40	46	16	4	5	11	20	3	13	0	33	44	10	23	2	49	46	17	35	11	27	43	8	8	21	29	8	41	32	10	13	4	26	48	23	17	30	18	18	27	4	33	40	20	36	26	20	41	20	36	8	21	12	3	44	4	49	4	33	19	30	49	34	5	10	48	25	27
44	7	24	47	1	12	33	8	5	47	11	22	0	8	37	38	33	0	8	42	25	41	21	9	10	39	34	17	18	24	23	8	21	0	19	40	1	43	24	49	5	41	27	0	5	17	30	35	48	0	17	6	37	4	18	24	7	37	13	31	48	47	12	3	21	28	10	7	23	1	30	4	34	10	42
40	33	18	32	22	47	33	24	18	2	41	23	3	3	34	18	44	8	0	13	39	28	31	4	25	20	6	20	45	28	35	21	48	49	31	14	4	13	18	4	7	8	4	9	49	30	38	32	39	7	7	14	29	34	10	2	36	28	25	10	1	0	47	47	19	35	18	49	9	2	37	45	12	45	19
43	37	12	49	30	25	4	44	12	47	3	22	46	1	18	28	10	42	13	0	7	16	38	0	15	2	6	28	39	10	30	5	11	19	3	18	47	44	28	40	28	3	47	27	13	29	6	47	23	23	28	30	7	21	20	5	4	8	35	29	7	15	46	0	26	19	23	7	44	30	25	38	19	19	16
40	25	32	17	7	48	14	24	45	38	3	49	30	28	4	4	23	25	39	7	0	28	2	27	20	49	19	1	44	9	6	2	0	19	26	36	40	15	43	27	3	6	34	30	6	0	5	44	13	20	38	22	1	6	14	25	44	30	32	4	13	47	18	2	34	29	11	47	1	42	13	10	22	6	36
37	21	11	5	20	40	4	19	30	5	5	6	16	26	0	47	2	41	28	16	28	0	31	46	4	0	7	10	22	19	48	10	39	42	9	48	27	3	46	17	1	9	3	11	13	21	9	1	48	37	3	39	25	10	36	11	18	22	5	37	8	28	3	36	9	47	46	7	12	6	8	38	6	15	10
19	11	40	17	35	0	24	43	5	43	5	23	34	3	6	46	49	21	31	38	2	31	0	25	18	35	7	2	34	24	18	45	6	12	5	41	19	14	19	10	7	28	1	3	49	34	44	19	47	1	43	24	47	3	7	29	38	28	15	7	27	27	29	37	46	35	7	13	26	47	20	28	30	33	38
13	6	5	30	16	19	17	5	32	9	4	42	41	15	32	33	46	9	4	0	27	46	25	0	14	35	37	26	32	10	44	0	27	9	5	40	28	20	11	48	38	30	9	22	27	34	9	41	21	33	26	10	16	1	30	4	1	11	27	5	1	6	32	49	9	25	29	8	16	19	44	18	42	24	8
15	25	33	28	2	28	44	38	1	39	33	36	23	25	34	2	17	10	25	15	20	4	18	14	0	39	13	15	29	1	3	29	30	30	10	13	13	24	5	29	34	29	40	38	27	43	8	8	15	29	30	22	10	29	0	13	7	5	13	17	3	48	40	44	39	0	37	21	48	10	37	24	16	29	17
32	11	39	40	5	24	14	49	17	27	23	45	24	42	28	6	35	39	20	2	49	0	35	35	39	0	2	45	44	9	27	36	13	0	35	13	43	1	39	30	25	19	34	30	24	3	46	48	26	12	39	33	6	10	6	46	6	5	48	38	8	30	49	26	9	17	42	28	49	30	10	8	18	17	15
23	18	5	48	7	22	9	23	8	42	10	11	6	39	35	0	11	34	6	6	19	7	7	37	13	2	0	10	20	30	5	12	21	3	26	24	29	48	28	16	39	30	27	38	27	4	42	29	10	14	10	39	33	19	11	27	28	5	49	27	10	7	20	2	0	37	2	42	42	11	49	33	29	8	8
2	19	45	45	8	1	5	35	16	9	12	11	32	32	47	16	27	17	20	28	1	10	2	26	15	45	10	0	26	28	26	42	30	48	14	11	4	22	5	36	5	40	48	33	27	21	36	34	11	15	7	43	5	29	22	10	45	43	26	9	32	9	12	6	22	1	18	43	12	45	3	29	19	13	49
30	24	16	41	30	33	10	33	2	6	19	21	29	35	21	41	43	18	45	39	44	22	34	32	29	44	20	26	0	27	9	29	24	47	36	23	37	42	5	21	8	6	20	15	19	49	32	4	25	8	19	15	6	10	0	49	41	47	18	4	10	38	43	37	31	29	1	10	2	22	38	26	38	12	49
0	6	36	37	32	18	4	8	9	25	2	1	47	41	11	24	8	24	28	10	9	19	24	10	1	9	30	28	27	0	1	14	49	8	36	35	44	10	34	12	21	39	42	49	26	15	27	28	49	13	14	9	22	0	30	22	37	15	17	6	32	31	49	37	29	22	8	38	25	13	37	38	33	31	13
25	35	42	19	15	49	9	39	38	10	43	8	10	8	9	1	8	23	35	30	6	48	18	44	3	27	5	26	9	1	0	28	29	37	31	0	0	1	49	12	5	23	39	28	45	31	36	1	28	4	3	16	45	4	12	19	31	40	43	43	6	3	28	23	6	3	19	11	41	36	47	43	12	16	21
36	45	49	30	8	35	37	1	30	39	1	32	36	20	8	7	21	8	21	5	2	10	45	0	29	36	12	42	29	14	28	0	36	49	8	42	45	13	12	32	24	29	19	40	34	39	44	2	40	26	49	15	46	28	27	36	46	49	2	4	28	38	27	1	27	34	23	30	3	18	16	36	11	39	11
9	33	22	41	3	23	15	7	45	24	1	20	16	36	45	14	29	21	48	11	0	39	6	27	30	13	21	30	24	49	29	36	0	45	13	49	46	24	34	48	35	0	19	27	5	31	49	2	15	9	47	2	27	6	38	33	25	3	46	34	7	27	11	43	21	16	25	14	37	26	8	18	22	21	0
40	34	24	35	39	9	35	12	13	9	2	36	6	15	14	2	8	0	49	19	19	42	12	9	30	0	3	48	47	8	37	49	45	0	22	15	1	22	44	5	45	42	12	21	3	31	42	18	10	9	8	49	40	12	5	28	20	2	43	22	2	28	32	11	21	40	5	15	4	40	3	9	6	12	30
9	18	27	19	28	0	0	30	43	23	19	38	26	16	24	11	41	19	31	3	26	9	5	5	10	35	26	14	36	36	31	8	13	22	0	9	38	23	29	14	9	48	11	37	7	14	41	43	8	6	24	41	14	30	33	49	6	19	35	49	34	24	15	35	3	33	47	42	15	39	5	46	3	25	18
15	34	4	25	36	6	36	1	9	25	6	24	38	42	45	41	32	40	14	18	36	48	41	40	13	13	24	11	23	35	0	42	49	15	9	0	3	33	31	11	28	48	24	30	16	12	39	22	31	5	6	28	10	39	17	36	25	15	46	12	39	33	45	39	33	24	10	21	47	39	17	6	6	20	27
28	45	9	23	13	37	28	9	48	5	7	31	6	31	9	7	10	1	4	47	40	27	19	28	13	43	29	4	37	44	0	45	46	1	38	3	0	33	4	11	32	26	10	25	11	4	6	26	10	33	47	48	16	25	48	12	25	16	17	4	42	14	49	34	37	15	3	23	31	37	11	21	36	8	40
0	31	32	16	15	2	15	35	42	31	38	22	8	22	44	23	13	43	13	44	15	3	14	20	24	1	48	22	42	10	1	13	24	22	23	33	33	0	13	32	21	37	43	17	39	13	35	34	43	27	17	39	11	38	19	3	11	0	20	49	29	33	46	36	18	34	17	20	20	34	33	20	24	47	36
10	30	6	2	34	28	48	30	18	33	6	13	12	17	21	5	4	24	18	28	43	46	19	11	5	39	28	5	5	34	49	12	34	44	29	31	4	13	0	46	6	7	17	35	0	28	49	15	37	6	29	3	6	12	16	43	7	43	0	42	35	5	48	33	21	33	5	13	45	24	3	45	4	31	27
4	27	10	0	12	43	31	46	36	35	2	36	27	48	10	27	26	49	4	40	27	17	10	48	29	30	16	36	21	12	12	32	48	5	14	11	11	32	46	0	12	12	1	6	10	49	0	34	3	5	10	30	16	42	49	34	29	8	40	9	44	43	39	46	19	4	12	13	39	7	34	16	35	0	48
31	47	36	21	7	12	12	22	42	4	26	7	20	9	46	40	48	5	7	28	3	1	7	38	34	25	39	5	8	21	5	24	35	45	9	28	32	21	6	12	0	47	5	28	13	39	17	22	20	9	22	17	8	24	20	0	4	9	8	3	10	44	8	6	45	13	17	22	2	44	43	22	4	43	3
5	8	46	2	29	17	10	32	30	28	5	26	28	35	31	33	23	41	8	3	6	9	28	30	29	19	30	40	6	39	23	29	0	42	48	48	26	37	7	12	47	0	15	33	33	49	45	8	28	1	35	38	39	0	30	37	20	2	16	35	40	5	16	8	7	35	20	31	39	14	37	28	23	27	3
40	11	13	10	41	13	44	15	15	7	22	46	40	42	22	49	17	27	4	47	34	3	1	9	40	34	27	48	20	42	39	19	19	12	11	24	10	43	17	1	5	15	0	38	2	38	38	23	44	42	13	13	2	27	2	41	19	22	4	47	38	27	21	7	4	5	45	40	22	26	15	0	27	13	49
45	39	18	38	35	12	4	33	4	12	17	16	14	17	11	1	30	0	9	27	30	11	3	22	38	30	38	33	15	49	28	40	27	21	37	30	25	17	35	6	28	33	38	0	49	7	13	28	9	23	0	6	38	46	17	25	23	10	17	49	31	11	49	23	46	17	32	32	3	33	49	30	27	22	32
4	46	28	20	20	45	3	5	26	16	42	42	8	48	20	33	18	5	49	13	6	13	49	27	27	24	27	27	19	26	45	34	5	3	7	16	11	39	0	10	13	33	2	49	0	29	5	27	34	23	23	40	5	16	12	11	23	3	10	35	42	21	34	0	0	34	33	21	33	17	36	13	49	43	14
30	24	0	14	22	30	45	20	48	35	15	23	48	10	23	8	18	17	30	29	0	21	34	34	43	3	4	21	49	15	31	39	31	31	14	12	4	13	28	49	39	49	38	7	29	0	15	9	45	45	2	41	3	8	4	22	16	39	11	21	1	32	25	1	28	35	16	27	4	13	23	9	8	6	3
0	15	7	7	3	33	43	4	3	26	8	2	47	35	8	1	27	30	38	6	5	9	44	9	8	46	42	36	32	27	36	44	49	42	41	39	6	35	49	0	17	45	38	13	5	15	0	3	6	49	21	42	47	18	24	35	16	38	18	3	14	25	2	45	8	31	49	18	27	8	5	45	40	6	7
44	39	40	14	36	31	42	38	8	11	19	42	49	49	49	23	4	35	32	47	44	1	19	41	8	48	29	34	4	28	1	2	2	18	43	22	26	34	15	34	22	8	23	28	27	9	3	0	30	49	28	18	30	4	48	5	33	37	24	9	4	39	30	25	46	46	26	15	10	10	1	23	48	30	28
36	6	0	25	30	30	11	23	11	48	21	44	8	43	1	32	33	48	39	23	13	48	47	21	15	26	10	11	25	49	28	40	15	10	8	31	10	43	37	3	20	28	44	9	34	45	6	30	0	19	31	43	2	28	37	7	29	14	38	15	27	48	38	48	28	39	14	9	14	15	17	4	4	35	30
46	30	19	4	0	15	20	43	43	10	43	6	48	42	45	16	40	0	7	23	20	37	1	33	29	12	14	15	8	13	4	26	9	9	6	5	33	27	6	5	9	1	42	23	23	45	49	49	19	0	16	26	34	36	48	39	14	16	12	12	4	25	16	48	30	30	9	32	8	20	19	12	39	37	27
27	13	41	26	4	5	2	45	35	14	21	2	35	36	11	40	20	17	7	28	38	3	43	26	30	39	10	7	19	14	3	49	47	8	24	6	47	17	29	10	22	35	13	0	23	2	21	28	31	16	0	8	12	33	18	25	9	6	21	4	7	17	19	2	34	11	12	4	15	0	22	33	23	2	47
12	37	10	28	19	42	8	45	39	44	0	4	29	5	12	6	36	6	14	30	22	39	24	10	22	33	39	43	15	9	16	15	2	49	41	28	48	39	3	30	17	38	13	6	40	41	42	18	43	26	8	0	26	32	2	28	9	48	12	13	13	2	7	8	48	26	29	23	47	40	20	19	6	17	21
6	32	19	46	41	14	12	11	0	19	49	23	14	29	8	33	26	37	29	7	1	25	47	16	10	6	33	5	6	22	45	46	27	40	14	10	16	11	6	16	8	39	2	38	5	3	47	30	2	34	12	26	0	1	20	49	10	35	30	10	9	18	49	45	12	5	36	36	20	17	25	9	9	8	13
47	14	45	20	8	30	23	13	9	37	41	5	13	28	47	12	20	4	34	21	6	10	3	1	29	10	19	29	10	0	4	28	6	12	30	39	25	38	12	42	24	0	27	46	16	8	18	4	28	36	33	32	1	0	16	9	10	40	7	27	2	22	21	36	6	47	6	45	14	22	19	14	5	29	15
2	28	48	2	39	10	45	42	20	7	4	8	7	29	43	12	41	18	10	20	14	36	7	30	0	6	11	22	0	30	12	27	38	5	33	17	48	19	16	49	20	30	2	17	12	4	24	48	37	48	18	2	20	16	0	3	7	7	28	5	31	34	9	26	28	31	26	13	48	24	39	32	33	0	4
29	45	0	45	49	32	3	32	7	48	37	11	4	22	43	5	20	24	2	5	25	11	29	4	13	46	27	10	49	22	19	36	33	28	49	36	12	3	43	34	0	37	41	25	11	22	35	5	7	39	25	28	49	9	3	0	45	41	11	47	38	6	24	7	3	34	5	39	49	14	5	31	32	24	4
4	13	27	19	13	8	6	27	32	33	46	43	27	35	20	42	36	7	36	4	44	18	38	1	7	6	28	45	41	37	31	46	25	20	6	25	25	11	7	29	4	20	19	23	23	16	16	33	29	14	9	9	10	10	7	45	0	49	1	20	4	36	17	43	20	0	34	24	14	13	2	43	31	0	25
7	25	18	16	11	41	14	36	7	32	44	24	16	9	26	4	8	37	28	8	30	22	28	11	5	5	5	43	47	15	40	49	3	2	19	15	16	0	43	8	9	2	22	10	3	39	38	37	14	16	6	48	35	40	7	41	49	0	16	27	11	17	18	15	29	47	42	30	13	11	41	8	4	9	45
14	19	16	25	49	25	29	26	39	13	35	42	19	18	38	25	21	13	25	35	32	5	15	27	13	48	49	26	18	17	43	2	46	43	35	46	17	20	0	40	8	16	4	17	10	11	18	24	38	12	21	12	30	7	28	11	1	16	0	2	17	29	41	12	2	42	7	34	36	6	36	6	42	4	38
34	22	14	2	33	18	33	34	42	14	17	0	15	18	39	12	12	31	10	29	4	37	7	5	17	38	27	9	4	6	43	4	34	22	49	12	4	49	42	9	3	35	47	49	35	21	3	9	15	12	4	13	10	27	5	47	20	27	2	0	23	18	10	37	22	47	28	23	31	15	13	17	9	25	38
12	44	43	7	23	11	3	15	15	18	6	43	4	48	6	29	3	48	1	7	13	8	27	1	3	8	10	32	10	32	6	28	7	2	34	39	42	29	35	44	10	40	38	31	42	1	14	4	27	4	7	13	9	2	31	38	4	11	17	23	0	1	14	10	36	30	34	22	41	27	34	30	21	40	32
0	41	35	7	15	31	8	11	4	6	13	39	14	1	10	1	44	47	0	15	47	28	27	6	48	30	7	9	38	31	3	38	27	28	24	33	14	33	5	43	44	5	27	11	21	32	25	39	48	25	17	2	18	22	34	6	36	17	29	18	1	0	34	23	14	28	34	23	19	33	17	31	48	32	27
37	9	26	47	9	25	33	29	34	32	7	44	36	4	19	19	4	12	47	46	18	3	29	32	40	49	20	12	43	49	28	27	11	32	15	45	49	46	48	39	8	16	21	49	34	25	2	30	38	16	19	7	49	21	9	24	17	18	41	10	14	34	0	25	27	18	3	28	15	5	13	6	7	9	27
40	47	6	10	43	45	35	18	9	0	4	3	17	24	25	9	49	3	47	0	2	36	37	49	44	26	2	6	37	37	23	1	43	11	35	39	34	36	33	46	6	8	7	23	0	1	45	25	48	48	2	8	45	36	26	7	43	15	12	37	10	23	25	0	1	40	2	4	24	13	4	35	16	27	19
43	34	42	6	36	42	8	5	36	31	27	26	21	9	18	36	4	21	19	26	34	9	46	9	39	9	0	22	31	29	6	27	21	21	3	33	37	18	21	19	45	7	4	46	0	28	8	46	28	30	34	48	12	6	28	3	20	29	2	22	36	14	27	1	0	49	41	4	13	25	42	10	10	29	34
8	10	36	8	4	34	12	48	3	25	48	13	9	35	44	3	33	28	35	19	29	47	35	25	0	17	37	1	29	22	3	34	16	40	33	24	15	34	33	4	13	35	5	17	34	35	31	46	39	30	11	26	5	47	31	34	0	47	42	47	30	28	18	40	49	0	6	21	27	37	25	13	27	44	6
7	8	6	38	6	6	16	47	3	9	4	38	30	17	40	25	19	10	18	23	11	46	7	29	37	42	2	18	1	8	19	23	25	5	47	10	3	17	5	12	17	20	45	32	33	16	49	26	14	9	12	29	36	6	26	5	34	42	7	28	34	34	3	2	41	6	0	19	25	17	44	29	46	17	42
0	7	29	27	16	31	11	15	44	13	15	40	0	39	44	12	30	7	49	7	47	7	13	8	21	28	42	43	10	38	11	30	14	15	42	21	23	20	13	13	22	31	40	32	21	27	18	15	9	32	4	23	36	45	13	39	24	30	34	23	22	23	28	4	4	21	19	0	19	30	2	31	27	15	20
45	16	43	23	28	33	21	26	33	38	11	24	12	40	10	11	49	23	9	44	1	12	26	16	48	49	42	12	2	25	41	3	37	4	15	47	31	20	45	39	2	39	22	3	33	4	27	10	14	8	15	47	20	14	48	49	14	13	36	31	41	19	15	24	13	27	25	19	0	3	3	30	24	10	20
47	7	14	48	28	14	39	45	15	41	15	4	15	11	9	23	34	1	2	30	42	6	47	19	10	30	11	45	22	13	36	18	26	40	39	39	37	34	24	7	44	14	26	33	17	13	8	10	15	20	0	40	17	22	24	14	13	11	6	15	27	33	5	13	25	37	17	30	3	0	18	38	32	6	35
27	6	1	32	11	13	20	23	12	49	32	11	39	8	37	1	5	30	37	25	13	8	20	44	37	10	49	3	38	37	47	16	8	3	5	17	11	33	3	34	43	37	15	49	36	23	5	1	17	19	22	20	25	19	39	5	2	41	36	13	34	17	13	4	42	25	44	2	3	18	0	47	17	43	9
20	10	28	21	47	33	42	46	39	42	13	17	46	4	39	25	10	4	45	38	10	38	28	18	24	8	33	29	26	38	43	36	18	9	46	6	21	20	45	16	22	28	0	30	13	9	45	23	4	12	33	19	9	14	32	31	43	8	6	17	30	31	6	35	10	13	29	31	30	38	47	0	0	7	18
1	8	44	44	0	16	29	18	20	13	23	22	2	8	46	12	48	34	12	19	22	6	30	42	16	18	29	19	38	33	12	11	22	6	3	6	36	24	4	35	4	23	27	27	49	8	40	48	4	39	23	6	9	5	33	32	31	4	42	9	21	48	7	16	10	27	46	27	24	32	17	0	0	20	34
0	26	11	27	44	15	29	6	49	22	39	13	9	40	23	5	25	10	45	19	6	15	33	24	29	17	8	13	12	31	16	39	21	12	25	20	8	47	31	0	43	27	13	22	43	6	6	30	35	37	2	17	8	29	0	24	0	9	4	25	40	32	9	27	29	44	17	15	10	6	43	7	20	0	5
24	26	9	49	3	28	25	0	6	21	11	40	44	49	2	7	27	42	19	16	36	10	38	8	17	15	8	49	49	13	21	11	0	30	18	27	40	36	27	48	3	3	49	32	14	3	7	28	30	27	47	21	13	15	4	4	25	45	38	38	32	27	27	19	34	6	42	20	20	35	9	18	34	5	0
