75
1	 27	 2027	 2085	 16	 22
2	 95	 1088	 1176	 2	 54
3	 34	 3003	 3069	 62	 87
4	 14	 2086	 2136	 52	 99
5	 95	 4264	 4302	 66	 84
6	 10	 3967	 3979	 12	 35
7	 81	 3157	 3233	 8	 44
8	 63	 4048	 4080	 24	 82
9	 59	 1433	 1497	 31	 66
10	 19	 1167	 1229	 29	 100
11	 13	 2296	 2336	 11	 49
12	 10	 3017	 3019	 25	 38
13	 49	 1252	 1260	 57	 76
14	 42	 3564	 3586	 62	 69
15	 62	 2290	 2384	 0	 39
16	 62	 1580	 1658	 42	 60
17	 97	 2479	 2507	 19	 54
18	 63	 2069	 2095	 78	 92
19	 70	 3938	 3958	 12	 91
20	 62	 707	 715	 41	 80
21	 55	 2292	 2294	 8	 31
22	 9	 2709	 2813	 9	 38
23	 37	 986	 1056	 5	 39
24	 80	 3179	 3181	 4	 44
25	 25	 780	 788	 3	 25
26	 6	 874	 914	 77	 94
27	 77	 1041	 1055	 3	 54
28	 20	 3303	 3339	 53	 67
29	 47	 1328	 1398	 14	 42
30	 7	 1977	 1989	 4	 91
31	 70	 864	 956	 19	 60
32	 4	 946	 952	 22	 23
33	 97	 3293	 3353	 39	 45
34	 79	 473	 513	 20	 47
35	 10	 3067	 3107	 0	 21
36	 73	 730	 824	 4	 80
37	 27	 937	 1011	 34	 53
38	 51	 3610	 3670	 3	 41
39	 41	 3621	 3647	 26	 43
40	 99	 1914	 1944	 5	 75
41	 91	 3512	 3610	 17	 33
42	 55	 601	 637	 22	 27
43	 90	 1762	 1824	 13	 54
44	 4	 756	 828	 5	 21
45	 69	 2361	 2429	 30	 91
46	 46	 3846	 3908	 48	 54
47	 66	 3838	 3894	 91	 95
48	 65	 2322	 2420	 23	 69
49	 98	 3372	 3420	 2	 58
50	 35	 1424	 1454	 19	 52
51	 49	 2335	 2375	 26	 69
52	 31	 1378	 1392	 10	 57
53	 79	 3559	 3581	 17	 39
54	 95	 1789	 1877	 8	 91
55	 48	 1631	 1697	 19	 99
56	 95	 1418	 1502	 0	 41
57	 56	 3378	 3398	 23	 69
58	 51	 4306	 4330	 16	 63
59	 85	 3316	 3342	 60	 65
60	 48	 1206	 1224	 3	 20
61	 51	 470	 508	 34	 63
62	 8	 3662	 3708	 9	 44
63	 83	 1202	 1266	 20	 98
64	 17	 3738	 3802	 32	 76
65	 27	 2860	 2868	 1	 32
66	 30	 2001	 2067	 29	 37
67	 23	 1345	 1353	 8	 29
68	 61	 4262	 4334	 43	 68
69	 74	 2369	 2401	 1	 89
70	 24	 3871	 3907	 16	 21
71	 79	 3535	 3611	 1	 42
72	 84	 2057	 2127	 22	 85
73	 98	 3028	 3054	 5	 46
74	 20	 1811	 1899	 18	 93
75	 64	 3211	 3241	 43	 70
0	18	8	17	19	2	42	37	46	38	12	17	45	8	36	35	17	32	37	8	1	13	23	8	42	48	43	9	22	12	10	32	47	7	12	9	2	21	45	35	17	43	2	10	25	28	14	8	33	17	4	40	7	32	18	29	0	9	6	12	32	1	19	11	48	46	19	7	5	14	13	2	45	17	1
18	0	22	17	44	16	20	48	33	6	12	23	10	35	0	21	47	25	34	12	41	13	40	37	42	35	26	7	27	19	29	41	8	8	47	4	0	24	10	46	5	11	7	39	27	37	20	41	29	36	15	11	13	15	1	16	34	20	37	7	36	40	33	2	12	43	3	14	33	12	23	5	8	5	7
8	22	0	26	32	25	17	15	40	19	29	49	40	44	28	26	9	19	7	46	7	32	6	49	29	19	19	29	37	38	29	16	14	11	33	20	13	2	0	9	6	12	25	37	11	30	34	41	32	12	38	7	9	17	22	1	29	30	0	21	15	21	19	11	35	37	1	41	47	2	46	3	4	38	39
17	17	26	0	27	47	10	20	48	45	28	42	39	24	47	6	26	16	6	40	33	21	10	33	16	20	11	17	28	3	8	35	12	7	9	45	3	3	0	15	35	9	30	29	39	21	32	27	16	7	40	22	1	25	41	6	18	49	28	5	15	9	45	6	0	18	41	8	17	0	47	13	36	16	6
19	44	32	27	0	1	32	2	13	28	39	6	27	12	21	0	39	40	37	5	46	5	38	1	36	6	7	14	37	49	2	42	49	18	48	26	10	49	3	47	14	21	49	32	17	28	41	17	6	18	33	39	46	23	12	5	45	41	1	25	23	25	32	31	37	5	10	8	34	13	39	21	30	25	23
2	16	25	47	1	0	8	42	27	21	39	47	7	9	2	31	20	19	37	42	22	49	10	30	39	3	48	42	45	1	38	1	26	12	10	2	4	47	10	9	32	21	29	43	23	35	47	10	5	34	33	14	0	42	42	19	43	41	35	27	10	5	7	6	45	48	3	19	14	44	8	9	10	34	43
42	20	17	10	32	8	0	20	43	38	35	12	17	15	34	37	23	47	2	4	23	46	44	31	27	2	33	39	28	6	4	5	49	24	20	44	22	22	27	14	41	9	17	42	28	8	12	43	47	42	3	14	43	22	25	20	5	18	23	33	47	14	4	22	9	0	8	36	35	47	37	9	42	7	7
37	48	15	20	2	42	20	0	5	32	5	14	10	46	34	44	25	49	42	17	41	0	34	38	38	38	32	16	24	4	43	19	9	14	7	30	34	4	21	33	34	7	16	31	35	2	14	44	49	22	2	38	1	32	36	11	30	21	35	21	38	8	19	46	39	11	26	40	16	48	41	9	0	48	46
46	33	40	48	13	27	43	5	0	25	22	18	43	22	15	11	21	10	13	1	27	11	2	0	38	19	7	37	44	35	47	39	17	40	35	45	46	24	35	1	43	7	36	26	33	47	47	29	7	33	28	38	27	39	21	10	41	27	16	29	24	47	15	0	45	19	26	21	33	35	45	19	46	17	7
38	6	19	45	28	21	38	32	25	0	13	34	45	28	22	22	22	5	5	27	39	11	2	30	22	7	19	21	13	6	2	13	15	6	43	47	19	29	5	30	45	35	2	5	20	42	22	16	20	37	10	40	23	18	4	1	0	47	29	28	5	14	44	22	0	30	6	2	20	33	25	36	18	48	48
12	12	29	28	39	39	35	5	22	13	0	27	28	2	37	13	26	47	9	0	34	23	42	7	12	5	49	49	37	29	17	3	23	49	5	25	46	14	12	18	5	28	14	15	20	34	36	45	29	26	2	14	26	10	2	32	26	33	32	36	13	17	19	25	0	34	13	49	0	13	16	10	3	48	11
17	23	49	42	6	47	12	14	18	34	27	0	2	2	39	14	31	8	34	31	0	5	5	27	6	16	45	25	7	11	32	12	25	43	10	10	47	23	25	26	1	26	42	26	4	39	42	17	35	11	22	18	10	4	34	1	34	3	27	45	7	20	0	43	26	18	0	10	17	29	28	36	13	22	40
45	10	40	39	27	7	17	10	43	45	28	2	0	16	21	10	35	10	37	3	22	21	47	14	13	3	28	1	21	22	25	16	34	42	31	44	14	0	24	29	7	1	47	49	48	16	6	41	30	44	11	6	2	1	39	48	7	48	39	48	16	44	13	42	10	45	6	39	39	40	3	7	25	28	44
8	35	44	24	12	9	15	46	22	28	2	2	16	0	42	28	25	6	21	43	8	22	35	11	35	11	25	5	0	32	30	2	0	35	17	9	10	2	4	11	22	49	23	8	18	29	29	38	14	30	10	2	4	9	40	15	24	34	32	33	38	6	43	35	48	18	26	5	45	19	44	33	0	20	47
36	0	28	47	21	2	34	34	15	22	37	39	21	42	0	10	15	3	21	48	24	16	0	34	28	11	49	0	0	26	27	23	17	18	10	26	22	44	41	37	10	13	1	18	14	45	11	10	47	16	32	18	18	4	42	12	48	11	40	38	32	42	25	27	8	19	11	41	35	2	2	15	44	20	29
35	21	26	6	0	31	37	44	11	22	13	14	10	28	10	0	4	23	45	20	25	9	8	11	10	29	11	4	33	36	29	39	12	21	24	39	8	9	18	42	14	26	14	32	16	1	41	2	11	26	1	31	37	15	44	12	26	17	34	34	19	19	33	24	41	6	15	10	10	12	48	46	28	6	9
17	47	9	26	39	20	23	25	21	22	26	31	35	25	15	4	0	1	34	27	41	43	4	21	32	17	10	46	15	44	34	42	7	14	43	9	14	42	7	29	9	35	5	3	47	41	46	6	23	21	42	19	32	44	43	32	41	25	35	7	22	32	12	21	9	31	28	3	20	31	47	10	6	22	11
32	25	19	16	40	19	47	49	10	5	47	8	10	6	3	23	1	0	35	48	31	25	48	16	41	7	28	39	21	14	10	46	27	27	16	10	25	3	46	28	35	28	14	23	6	47	4	30	7	11	11	14	48	5	24	42	29	2	12	16	47	42	28	11	18	17	17	10	32	8	5	42	30	7	15
37	34	7	6	37	37	2	42	13	5	9	34	37	21	21	45	34	35	0	16	31	36	37	36	19	22	33	43	41	29	38	28	44	1	45	18	42	8	42	40	21	31	41	1	36	24	20	44	12	15	48	36	26	5	8	20	3	13	9	15	24	32	5	28	19	0	44	11	2	8	43	43	45	40	26
8	12	46	40	5	42	4	17	1	27	0	31	3	43	48	20	27	48	16	0	11	44	18	27	7	2	40	20	14	39	28	6	26	45	30	42	28	4	28	18	18	49	23	20	19	35	40	45	39	45	9	22	43	11	40	10	34	27	16	15	28	15	19	46	11	14	1	7	34	34	46	12	30	41	0
1	41	7	33	46	22	23	41	27	39	34	0	22	8	24	25	41	31	31	11	0	9	20	8	29	3	16	37	1	25	44	39	0	30	45	34	1	42	22	13	16	11	8	34	25	16	10	36	18	46	27	6	29	19	2	17	42	36	25	22	42	34	33	21	4	1	44	40	36	13	15	23	41	2	10
13	13	32	21	5	49	46	0	11	11	23	5	21	22	16	9	43	25	36	44	9	0	44	15	28	23	35	1	26	47	25	3	20	29	6	32	1	47	15	31	11	12	29	4	48	8	41	48	0	35	24	34	7	30	13	30	7	49	3	10	42	5	15	21	35	25	7	13	21	30	49	19	21	41	8
23	40	6	10	38	10	44	34	2	2	42	5	47	35	0	8	4	48	37	18	20	44	0	4	35	12	37	20	23	31	46	41	15	4	3	35	48	33	6	38	16	43	29	44	20	33	14	48	25	8	16	45	37	34	11	18	16	5	23	14	27	7	5	14	35	24	1	8	45	36	8	28	11	0	19
8	37	49	33	1	30	31	38	0	30	7	27	14	11	34	11	21	16	36	27	8	15	4	0	43	30	10	2	12	29	0	39	10	19	15	31	1	37	18	13	27	35	7	35	37	11	28	32	20	46	22	38	49	29	45	24	23	3	1	34	27	32	12	3	39	14	22	34	42	30	48	47	22	44	16
42	42	29	16	36	39	27	38	38	22	12	6	13	35	28	10	32	41	19	7	29	28	35	43	0	33	40	40	46	46	12	4	19	0	42	11	18	38	1	30	49	5	24	37	11	7	9	49	3	9	13	27	45	4	24	21	3	46	4	39	25	33	3	8	35	14	13	19	5	11	44	43	1	16	14
48	35	19	20	6	3	2	38	19	7	5	16	3	11	11	29	17	7	22	2	3	23	12	30	33	0	17	47	3	6	2	27	4	12	11	38	21	25	37	7	16	3	31	4	26	32	40	40	36	19	30	29	9	31	49	2	1	30	23	5	37	32	17	25	28	35	2	7	7	47	2	15	26	23	28
43	26	19	11	7	48	33	32	7	19	49	45	28	25	49	11	10	28	33	40	16	35	37	10	40	17	0	45	23	22	42	31	43	21	48	15	34	6	42	12	8	21	11	41	17	42	13	12	8	8	25	2	30	18	48	6	1	30	15	2	11	34	0	22	45	31	11	19	34	32	31	25	24	39	8
9	7	29	17	14	42	39	16	37	21	49	25	1	5	0	4	46	39	43	20	37	1	20	2	40	47	45	0	13	5	4	36	38	2	2	31	15	15	8	27	8	40	35	29	33	32	23	10	41	25	28	41	48	39	17	16	27	48	26	31	30	14	36	48	31	15	29	49	19	21	31	11	36	11	43
22	27	37	28	37	45	28	24	44	13	37	7	21	0	0	33	15	21	41	14	1	26	23	12	46	3	23	13	0	13	35	17	1	37	44	23	3	46	19	11	24	0	19	36	10	24	20	22	14	2	16	47	16	25	3	8	6	38	12	49	22	28	25	39	22	32	37	38	0	18	5	30	6	45	46
12	19	38	3	49	1	6	4	35	6	29	11	22	32	26	36	44	14	29	39	25	47	31	29	46	6	22	5	13	0	24	14	8	5	16	21	14	1	24	29	31	33	6	14	35	21	8	20	1	36	48	28	37	4	33	44	45	34	42	43	32	7	36	31	42	28	10	31	9	31	21	45	32	25	41
10	29	29	8	2	38	4	43	47	2	17	32	25	30	27	29	34	10	38	28	44	25	46	0	12	2	42	4	35	24	0	32	38	34	25	20	34	41	39	28	0	8	28	40	7	11	32	22	46	16	9	12	25	18	48	12	43	10	13	32	13	38	42	25	20	10	14	49	40	21	26	2	48	21	31
32	41	16	35	42	1	5	19	39	13	3	12	16	2	23	39	42	46	28	6	39	3	41	39	4	27	31	36	17	14	32	0	41	27	8	32	12	31	3	30	28	5	12	2	47	40	14	2	22	40	12	29	19	30	36	6	7	11	45	3	24	11	2	14	32	24	42	1	2	16	10	47	37	44	31
47	8	14	12	49	26	49	9	17	15	23	25	34	0	17	12	7	27	44	26	0	20	15	10	19	4	43	38	1	8	38	41	0	5	20	20	39	21	4	46	46	13	39	40	1	31	26	26	17	2	0	45	11	6	2	32	34	15	12	11	10	44	40	9	18	38	29	25	35	19	25	38	41	9	4
7	8	11	7	18	12	24	14	40	6	49	43	42	35	18	21	14	27	1	45	30	29	4	19	0	12	21	2	37	5	34	27	5	0	41	8	4	42	26	35	31	11	26	17	42	25	0	39	8	46	37	24	29	6	12	19	0	42	29	36	48	21	46	11	1	38	48	26	49	48	7	5	32	38	26
12	47	33	9	48	10	20	7	35	43	5	10	31	17	10	24	43	16	45	30	45	6	3	15	42	11	48	2	44	16	25	8	20	41	0	44	5	37	23	8	23	3	34	40	24	14	44	28	42	47	11	16	8	40	37	5	32	4	13	33	0	4	39	28	12	8	24	36	44	39	12	9	38	14	6
9	4	20	45	26	2	44	30	45	47	25	10	44	9	26	39	9	10	18	42	34	32	35	31	11	38	15	31	23	21	20	32	20	8	44	0	41	39	3	6	34	32	43	33	7	35	28	44	30	31	46	40	30	29	12	36	23	25	31	39	38	19	2	29	4	13	17	9	41	20	18	48	3	4	30
2	0	13	3	10	4	22	34	46	19	46	47	14	10	22	8	14	25	42	28	1	1	48	1	18	21	34	15	3	14	34	12	39	4	5	41	0	6	41	31	39	9	12	14	48	6	49	14	2	46	2	29	3	30	23	12	6	9	32	18	8	38	9	21	49	13	0	20	5	10	7	3	15	3	21
21	24	2	3	49	47	22	4	24	29	14	23	0	2	44	9	42	3	8	4	42	47	33	37	38	25	6	15	46	1	41	31	21	42	37	39	6	0	18	33	13	3	17	32	3	23	15	9	4	39	22	25	40	22	39	11	43	31	27	25	15	32	3	41	28	42	40	34	30	32	4	14	6	32	10
45	10	0	0	3	10	27	21	35	5	12	25	24	4	41	18	7	46	42	28	22	15	6	18	1	37	42	8	19	24	39	3	4	26	23	3	41	18	0	33	20	34	7	7	31	18	21	24	13	38	17	10	14	25	41	0	28	28	45	11	43	49	35	13	15	23	0	10	18	16	48	6	26	36	13
35	46	9	15	47	9	14	33	1	30	18	26	29	11	37	42	29	28	40	18	13	31	38	13	30	7	12	27	11	29	28	30	46	35	8	6	31	33	33	0	13	21	24	45	48	11	23	14	4	27	11	10	15	41	47	4	44	4	36	7	49	0	39	5	28	23	29	48	13	23	0	15	39	44	47
17	5	6	35	14	32	41	34	43	45	5	1	7	22	10	14	9	35	21	18	16	11	16	27	49	16	8	8	24	31	0	28	46	31	23	34	39	13	20	13	0	9	46	44	11	0	5	28	44	3	4	36	13	36	41	2	28	7	48	26	34	1	19	45	5	8	14	6	16	37	28	20	39	4	8
43	11	12	9	21	21	9	7	7	35	28	26	1	49	13	26	35	28	31	49	11	12	43	35	5	3	21	40	0	33	8	5	13	11	3	32	9	3	34	21	9	0	11	26	19	8	35	9	36	47	46	24	38	6	10	41	24	6	34	24	7	49	45	22	33	28	24	49	14	8	13	8	46	30	5
2	7	25	30	49	29	17	16	36	2	14	42	47	23	1	14	5	14	41	23	8	29	29	7	24	31	11	35	19	6	28	12	39	26	34	43	12	17	7	24	46	11	0	34	32	21	31	1	18	15	0	19	0	32	20	37	39	30	28	43	45	13	11	47	22	8	2	43	1	20	6	18	38	26	36
10	39	37	29	32	43	42	31	26	5	15	26	49	8	18	32	3	23	1	20	34	4	44	35	37	4	41	29	36	14	40	2	40	17	40	33	14	32	7	45	44	26	34	0	43	20	3	3	42	42	37	24	41	43	12	33	26	13	38	7	28	7	10	42	5	9	12	11	17	18	27	6	25	18	27
25	27	11	39	17	23	28	35	33	20	20	4	48	18	14	16	47	6	36	19	25	48	20	37	11	26	17	33	10	35	7	47	1	42	24	7	48	3	31	48	11	19	32	43	0	20	6	40	16	36	14	4	4	11	47	27	31	46	9	45	30	3	35	6	45	12	17	32	49	1	29	17	1	29	19
28	37	30	21	28	35	8	2	47	42	34	39	16	29	45	1	41	47	24	35	16	8	33	11	7	32	42	32	24	21	11	40	31	25	14	35	6	23	18	11	0	8	21	20	20	0	37	11	25	36	15	32	12	20	35	15	26	17	7	8	3	26	17	11	7	7	7	12	17	47	29	4	9	47	15
14	20	34	32	41	47	12	14	47	22	36	42	6	29	11	41	46	4	20	40	10	41	14	28	9	40	13	23	20	8	32	14	26	0	44	28	49	15	21	23	5	35	31	3	6	37	0	31	27	10	12	37	11	27	18	18	30	3	34	9	2	37	5	48	8	10	41	24	43	44	25	25	2	49	2
8	41	41	27	17	10	43	44	29	16	45	17	41	38	10	2	6	30	44	45	36	48	48	32	49	40	12	10	22	20	22	2	26	39	28	44	14	9	24	14	28	9	1	3	40	11	31	0	43	12	31	17	32	28	2	10	13	44	0	3	10	17	45	22	14	38	5	3	43	35	2	5	8	39	22
33	29	32	16	6	5	47	49	7	20	29	35	30	14	47	11	23	7	12	39	18	0	25	20	3	36	8	41	14	1	46	22	17	8	42	30	2	4	13	4	44	36	18	42	16	25	27	43	0	9	7	35	19	35	8	12	23	14	17	18	29	18	29	0	1	11	9	31	12	20	4	43	40	18	40
17	36	12	7	18	34	42	22	33	37	26	11	44	30	16	26	21	11	15	45	46	35	8	46	9	19	8	25	2	36	16	40	2	46	47	31	46	39	38	27	3	47	15	42	36	36	10	12	9	0	28	23	15	26	39	10	4	29	6	44	3	2	12	18	49	8	31	13	40	4	7	45	17	26	18
4	15	38	40	33	33	3	2	28	10	2	22	11	10	32	1	42	11	48	9	27	24	16	22	13	30	25	28	16	48	9	12	0	37	11	46	2	22	17	11	4	46	0	37	14	15	12	31	7	28	0	8	44	1	10	23	31	11	6	37	7	10	6	0	32	24	1	43	7	2	36	2	33	13	47
40	11	7	22	39	14	14	38	38	40	14	18	6	2	18	31	19	14	36	22	6	34	45	38	27	29	2	41	47	28	12	29	45	24	16	40	29	25	10	10	36	24	19	24	4	32	37	17	35	23	8	0	41	45	46	15	12	28	10	48	44	38	46	45	39	23	32	29	12	31	44	28	3	11	4
7	13	9	1	46	0	43	1	27	23	26	10	2	4	18	37	32	48	26	43	29	7	37	49	45	9	30	48	16	37	25	19	11	29	8	30	3	40	14	15	13	38	0	41	4	12	11	32	19	15	44	41	0	30	4	17	22	22	27	7	29	7	16	9	27	31	24	26	15	40	5	14	8	31	33
32	15	17	25	23	42	22	32	39	18	10	4	1	9	4	15	44	5	5	11	19	30	34	29	4	31	18	39	25	4	18	30	6	6	40	29	30	22	25	41	36	6	32	43	11	20	27	28	35	26	1	45	30	0	29	42	15	8	48	42	41	8	6	39	32	4	27	34	27	27	18	1	32	8	4
18	1	22	41	12	42	25	36	21	4	2	34	39	40	42	44	43	24	8	40	2	13	11	45	24	49	48	17	3	33	48	36	2	12	37	12	23	39	41	47	41	10	20	12	47	35	18	2	8	39	10	46	4	29	0	44	12	20	24	22	21	18	45	10	25	48	49	23	26	5	13	9	3	25	49
29	16	1	6	5	19	20	11	10	1	32	1	48	15	12	12	32	42	20	10	17	30	18	24	21	2	6	16	8	44	12	6	32	19	5	36	12	11	0	4	2	41	37	33	27	15	18	10	12	10	23	15	17	42	44	0	10	23	18	43	36	49	22	37	19	2	10	0	36	49	33	31	3	5	31
0	34	29	18	45	43	5	30	41	0	26	34	7	24	48	26	41	29	3	34	42	7	16	23	3	1	1	27	6	45	43	7	34	0	32	23	6	43	28	44	28	24	39	26	31	26	30	13	23	4	31	12	22	15	12	10	0	22	6	29	18	12	31	44	47	18	10	38	20	5	45	10	36	9	39
9	20	30	49	41	41	18	21	27	47	33	3	48	34	11	17	25	2	13	27	36	49	5	3	46	30	30	48	38	34	10	11	15	42	4	25	9	31	28	4	7	6	30	13	46	17	3	44	14	29	11	28	22	8	20	23	22	0	39	11	2	1	12	26	43	23	11	23	21	39	29	4	17	22	5
6	37	0	28	1	35	23	35	16	29	32	27	39	32	40	34	35	12	9	16	25	3	23	1	4	23	15	26	12	42	13	45	12	29	13	31	32	27	45	36	48	34	28	38	9	7	34	0	17	6	6	10	27	48	24	18	6	39	0	5	40	17	46	29	13	20	43	11	14	17	9	1	43	13	27
12	7	21	5	25	27	33	21	29	28	36	45	48	33	38	34	7	16	15	15	22	10	14	34	39	5	2	31	49	43	32	3	11	36	33	39	18	25	11	7	26	24	43	7	45	8	9	3	18	44	37	48	7	42	22	43	29	11	5	0	26	14	34	9	10	8	28	49	44	14	12	23	44	25	31
32	36	15	15	23	10	47	38	24	5	13	7	16	38	32	19	22	47	24	28	42	42	27	27	25	37	11	30	22	32	13	24	10	48	0	38	8	15	43	49	34	7	45	28	30	3	2	10	29	3	7	44	29	41	21	36	18	2	40	26	0	6	10	49	7	20	7	38	45	32	24	48	19	1	45
1	40	21	9	25	5	14	8	47	14	17	20	44	6	42	19	32	42	32	15	34	5	7	32	33	32	34	14	28	7	38	11	44	21	4	19	38	32	49	0	1	49	13	7	3	26	37	17	18	2	10	38	7	8	18	49	12	1	17	14	6	0	38	43	20	47	29	17	29	10	3	5	43	38	24
19	33	19	45	32	7	4	19	15	44	19	0	13	43	25	33	12	28	5	19	33	15	5	12	3	17	0	36	25	36	42	2	40	46	39	2	9	3	35	39	19	45	11	10	35	17	5	45	29	12	6	46	16	6	45	22	31	12	46	34	10	38	0	49	28	12	37	6	19	3	49	12	16	32	35
11	2	11	6	31	6	22	46	0	22	25	43	42	35	27	24	21	11	28	46	21	21	14	3	8	25	22	48	39	31	25	14	9	11	28	29	21	41	13	5	45	22	47	42	6	11	48	22	0	18	0	45	9	39	10	37	44	26	29	9	49	43	49	0	25	31	28	1	5	45	23	6	5	40	8
48	12	35	0	37	45	9	39	45	0	0	26	10	48	8	41	9	18	19	11	4	35	35	39	35	28	45	31	22	42	20	32	18	1	12	4	49	28	15	28	5	33	22	5	45	7	8	14	1	49	32	39	27	32	25	19	47	43	13	10	7	20	28	25	0	42	9	39	41	4	3	30	39	3	22
46	43	37	18	5	48	0	11	19	30	34	18	45	18	19	6	31	17	0	14	1	25	24	14	14	35	31	15	32	28	10	24	38	38	8	13	13	42	23	23	8	28	8	9	12	7	10	38	11	8	24	23	31	4	48	2	18	23	20	8	20	47	12	31	42	0	34	17	37	21	24	38	46	11	25
19	3	1	41	10	3	8	26	26	6	13	0	6	26	11	15	28	17	44	1	44	7	1	22	13	2	11	29	37	10	14	42	29	48	24	17	0	40	0	29	14	24	2	12	17	7	41	5	9	31	1	32	24	27	49	10	10	11	43	28	7	29	37	28	9	34	0	39	7	10	13	46	45	47	8
7	14	41	8	8	19	36	40	21	2	49	10	39	5	41	10	3	10	11	7	40	13	8	34	19	7	19	49	38	31	49	1	25	26	36	9	20	34	10	48	6	49	43	11	32	12	24	3	31	13	43	29	26	34	23	0	38	23	11	49	38	17	6	1	39	17	39	0	18	27	8	29	2	41	5
5	33	47	17	34	14	35	16	33	20	0	17	39	45	35	10	20	32	2	34	36	21	45	42	5	7	34	19	0	9	40	2	35	49	44	41	5	30	18	13	16	14	1	17	49	17	43	43	12	40	7	12	15	27	26	36	20	21	14	44	45	29	19	5	41	37	7	18	0	37	23	13	43	47	47
14	12	2	0	13	44	47	48	35	33	13	29	40	19	2	12	31	8	8	34	13	30	36	30	11	47	32	21	18	31	21	16	19	48	39	20	10	32	16	23	37	8	20	18	1	47	44	35	20	4	2	31	40	27	5	49	5	39	17	14	32	10	3	45	4	21	10	27	37	0	44	44	1	37	7
13	23	46	47	39	8	37	41	45	25	16	28	3	44	2	48	47	5	43	46	15	49	8	48	44	2	31	31	5	21	26	10	25	7	12	18	7	4	48	0	28	13	6	27	29	29	25	2	4	7	36	44	5	18	13	33	45	29	9	12	24	3	49	23	3	24	13	8	23	44	0	0	32	0	0
2	5	3	13	21	9	9	9	19	36	10	36	7	33	15	46	10	42	43	12	23	19	28	47	43	15	25	11	30	45	2	47	38	5	9	48	3	14	6	15	20	8	18	6	17	4	25	5	43	45	2	28	14	1	9	31	10	4	1	23	48	5	12	6	30	38	46	29	13	44	0	0	36	39	14
45	8	4	36	30	10	42	0	46	18	3	13	25	0	44	28	6	30	45	30	41	21	11	22	1	26	24	36	6	32	48	37	41	32	38	3	15	6	26	39	39	46	38	25	1	9	2	8	40	17	33	3	8	32	3	3	36	17	43	44	19	43	16	5	39	46	45	2	43	1	32	36	0	19	9
17	5	38	16	25	34	7	48	17	48	48	22	28	20	20	6	22	7	40	41	2	41	0	44	16	23	39	11	45	25	21	44	9	38	14	4	3	32	36	44	4	30	26	18	29	47	49	39	18	26	13	11	31	8	25	5	9	22	13	25	1	38	32	40	3	11	47	41	47	37	0	39	19	0	10
1	7	39	6	23	43	7	46	7	48	11	40	44	47	29	9	11	15	26	0	10	8	19	16	14	28	8	43	46	41	31	31	4	26	6	30	21	10	13	47	8	5	36	27	19	15	2	22	40	18	47	4	33	4	49	31	39	5	27	31	45	24	35	8	22	25	8	5	47	7	0	14	9	10	0
