50
1	 34	 983	 989	 1	 1
2	 19	 839	 859	 1	 8
3	 26	 902	 907	 9	 9
4	 30	 949	 962	 4	 4
5	 24	 817	 827	 1	 1
6	 24	 895	 915	 4	 8
7	 37	 994	 994	 7	 7
8	 19	 880	 901	 1	 1
9	 8	 777	 793	 1	 3
10	 25	 1166	 1174	 1	 5
11	 17	 900	 902	 1	 2
12	 25	 1190	 1196	 7	 9
13	 32	 872	 888	 4	 6
14	 12	 987	 1006	 8	 10
15	 33	 1112	 1125	 6	 8
16	 14	 1194	 1211	 9	 9
17	 15	 1082	 1104	 7	 8
18	 29	 1171	 1191	 5	 9
19	 9	 998	 1005	 6	 9
20	 11	 1104	 1111	 3	 3
21	 12	 1022	 1029	 2	 5
22	 37	 1211	 1221	 1	 5
23	 31	 1046	 1068	 5	 5
24	 14	 814	 821	 1	 2
25	 13	 850	 865	 2	 3
26	 25	 1165	 1178	 4	 5
27	 11	 828	 836	 7	 8
28	 38	 800	 803	 4	 10
29	 35	 1089	 1107	 4	 8
30	 38	 931	 944	 1	 3
31	 26	 898	 917	 9	 10
32	 8	 1054	 1055	 1	 10
33	 12	 974	 977	 3	 3
34	 26	 803	 823	 3	 8
35	 8	 902	 916	 1	 2
36	 9	 1085	 1095	 5	 9
37	 25	 1005	 1013	 6	 8
38	 14	 885	 897	 3	 4
39	 13	 1141	 1159	 7	 8
40	 36	 917	 927	 3	 4
41	 10	 1032	 1034	 2	 3
42	 10	 826	 836	 1	 2
43	 33	 1188	 1199	 2	 2
44	 37	 1082	 1098	 3	 10
45	 23	 1073	 1089	 2	 4
46	 16	 1178	 1180	 1	 1
47	 19	 1152	 1166	 3	 5
48	 31	 1037	 1047	 1	 1
49	 32	 900	 900	 1	 3
50	 37	 1003	 1006	 6	 7
0	8	8	10	14	6	7	15	11	14	9	6	11	13	5	9	14	14	8	11	14	11	11	13	10	8	9	6	9	14	13	15	9	7	5	7	10	15	6	12	5	10	14	6	15	15	8	6	10	6
13	0	12	6	15	10	13	7	10	13	10	8	12	8	13	11	6	12	6	6	14	7	13	11	7	11	11	8	11	6	8	6	7	11	8	11	11	15	11	5	7	10	6	10	8	14	10	11	5	11
10	7	0	5	5	15	12	9	6	8	11	11	9	10	12	15	9	15	5	15	12	11	13	6	11	11	5	9	14	15	7	8	6	8	12	12	11	8	10	7	10	10	15	12	9	8	5	13	8	7
9	6	10	0	11	6	5	5	7	5	14	14	5	15	10	14	13	7	10	10	7	11	14	8	11	7	9	10	11	9	9	7	15	11	13	7	6	15	9	14	13	15	9	13	7	8	13	13	10	13
14	6	9	11	0	6	7	14	10	13	8	6	5	7	5	11	8	12	5	9	8	9	5	10	6	15	11	15	7	11	9	11	11	7	10	5	10	11	5	14	10	5	11	14	6	14	9	10	12	14
5	9	11	10	6	0	12	13	15	5	12	5	11	9	11	5	10	12	15	15	14	7	8	6	13	6	10	7	8	6	10	10	13	6	10	12	12	10	9	11	6	14	15	13	12	14	7	11	5	9
15	10	6	11	7	12	0	8	14	14	15	9	13	5	5	14	8	13	15	14	11	9	7	14	13	7	14	6	7	7	5	12	9	12	15	10	6	11	13	10	15	15	11	7	14	7	6	10	9	5
11	13	7	13	8	11	10	0	5	8	12	12	11	15	13	13	14	5	12	9	14	10	15	5	10	6	11	11	13	11	12	8	5	13	11	11	11	5	10	14	12	14	5	8	14	13	9	6	5	8
10	13	7	13	8	15	9	11	0	12	8	10	15	12	9	11	15	6	10	7	15	14	13	11	14	15	13	8	12	11	8	10	7	11	14	10	15	8	11	11	10	13	15	7	13	6	8	6	9	10
6	11	14	15	14	7	9	13	13	0	11	14	6	8	5	6	11	13	14	5	15	13	13	13	14	9	14	11	13	13	6	12	6	11	6	6	8	14	6	9	9	11	7	13	10	11	5	6	10	5
15	12	6	11	5	13	12	11	10	14	0	12	11	5	7	5	8	5	13	15	11	7	14	8	6	13	13	6	8	6	12	14	11	15	5	9	12	8	14	15	14	15	11	11	13	7	14	14	6	15
12	6	6	12	15	12	8	11	9	9	12	0	7	6	10	5	11	15	10	13	5	9	5	11	7	8	14	9	14	10	14	8	6	13	6	15	7	7	14	11	15	12	10	6	12	13	13	6	15	15
11	10	14	10	15	13	7	14	11	11	7	5	0	7	12	7	8	11	8	11	7	11	14	11	14	5	9	8	12	8	15	11	10	13	6	12	7	15	13	10	13	12	13	8	6	7	9	11	5	15
8	14	12	14	7	7	11	13	13	6	7	9	7	0	6	13	14	15	12	8	10	13	14	10	10	6	10	7	6	6	11	5	5	6	6	6	10	10	8	13	10	5	8	11	12	8	9	5	15	5
9	7	14	9	7	5	11	10	13	12	9	12	14	6	0	13	9	12	11	12	13	8	6	13	9	10	6	11	5	10	10	10	15	11	14	7	15	5	8	15	12	12	15	5	6	11	5	8	8	5
11	10	5	13	12	12	7	9	13	6	14	11	12	10	9	0	15	10	10	8	5	13	11	10	9	8	13	10	11	13	7	10	12	11	12	9	13	15	6	15	9	14	15	7	13	5	10	14	8	10
7	11	6	12	13	5	5	11	13	6	11	5	12	10	13	15	0	10	10	10	7	6	12	10	15	12	6	12	8	15	12	14	9	14	6	14	9	11	8	13	8	9	10	11	13	7	8	14	12	8
15	11	12	11	9	11	12	6	7	14	8	15	7	9	8	11	11	0	10	5	15	6	14	9	13	10	12	6	12	10	12	15	6	15	8	8	7	13	10	9	12	11	6	7	15	5	11	11	7	10
13	11	11	5	11	8	5	14	7	9	8	12	9	11	11	7	15	15	0	8	13	13	5	13	15	8	8	6	7	9	15	14	15	5	14	9	8	6	5	7	7	8	11	8	7	11	8	8	6	8
6	8	11	5	5	14	5	12	11	15	12	11	10	11	11	9	14	11	15	0	10	6	7	5	10	8	9	13	15	11	9	14	9	10	6	8	12	5	9	14	7	9	12	5	14	7	5	11	8	9
9	7	7	10	12	14	8	5	5	8	15	6	14	10	8	10	5	11	12	10	0	5	12	8	8	5	8	10	9	13	11	10	13	10	8	8	15	10	8	15	7	7	5	5	13	13	9	6	7	10
7	12	8	13	13	13	14	8	13	12	14	8	10	5	15	7	14	6	6	12	7	0	12	11	15	12	15	8	5	11	15	7	8	6	5	8	15	5	7	6	13	10	7	11	11	7	12	11	14	5
6	15	5	9	7	8	8	10	9	12	15	8	5	10	6	14	10	5	9	13	9	6	0	14	7	15	15	10	6	7	14	6	14	14	15	7	6	9	5	10	13	9	9	15	6	5	7	13	6	6
11	12	13	11	6	5	10	10	6	11	8	6	14	5	14	15	6	8	5	14	9	9	7	0	10	7	14	14	12	9	13	5	13	14	7	5	13	5	7	12	11	9	6	12	10	8	14	10	13	11
15	7	7	12	11	14	15	5	13	9	7	15	11	13	5	8	15	14	12	15	5	10	7	7	0	5	8	14	14	6	11	11	6	13	14	10	12	9	11	13	14	12	9	11	5	12	12	12	7	7
13	6	14	9	8	7	15	12	15	12	9	8	11	10	6	6	10	14	12	8	10	5	10	6	12	0	6	12	12	10	5	12	14	14	11	7	6	6	12	8	5	8	8	8	13	10	5	5	9	8
10	13	14	7	8	12	6	8	5	6	13	11	9	9	12	7	6	8	6	11	10	11	10	6	10	10	0	5	6	8	8	8	13	6	11	9	10	13	9	5	5	15	6	6	5	11	10	13	5	11
11	11	15	6	8	6	13	9	15	15	6	12	12	13	5	12	8	13	8	5	11	14	10	10	11	9	11	0	8	5	14	8	9	10	6	11	7	14	11	5	11	5	5	14	5	10	12	14	7	10
11	5	12	9	7	9	9	15	7	6	7	7	15	7	5	13	10	9	10	14	10	14	11	9	7	11	6	15	0	12	14	7	7	8	14	6	6	15	14	9	11	15	13	5	8	12	9	15	12	6
9	9	12	15	13	10	9	8	6	11	8	11	13	12	14	9	8	14	14	15	8	13	11	15	6	5	5	7	8	0	14	8	6	8	7	11	12	14	10	13	12	5	7	13	13	15	5	13	10	8
15	10	6	8	8	6	15	13	6	7	14	5	10	8	5	5	5	15	6	7	6	10	13	6	12	8	8	7	5	13	0	5	13	8	15	9	10	11	11	5	6	7	13	9	7	11	12	6	5	8
13	11	14	6	12	8	6	7	11	14	7	5	9	8	11	8	7	10	14	9	13	12	11	7	11	10	8	10	11	11	12	0	14	8	13	5	11	11	8	14	7	10	9	12	10	14	9	10	15	11
13	11	11	15	15	15	7	8	7	10	9	5	10	13	15	12	8	12	13	11	7	6	11	6	11	6	8	8	15	10	12	12	0	5	10	8	9	10	8	12	10	13	15	5	15	5	10	8	9	12
13	7	8	5	10	14	10	12	5	7	7	6	10	5	14	12	11	9	6	7	5	14	12	13	5	13	5	11	11	8	14	8	14	0	9	12	10	13	14	13	7	9	12	8	7	7	7	10	15	5
14	9	6	7	5	13	11	6	14	5	12	12	8	5	13	8	9	6	12	12	12	9	7	12	14	10	7	13	12	7	11	10	10	6	0	9	9	15	12	13	6	12	14	11	12	6	7	11	14	5
11	7	12	6	13	12	14	12	9	13	15	14	5	12	12	11	12	7	5	10	9	6	12	6	15	12	14	5	14	9	10	12	12	7	11	0	7	9	14	5	7	8	9	6	8	10	13	5	11	13
9	10	5	6	5	12	8	13	10	14	13	8	12	10	11	6	12	13	14	15	15	12	5	13	15	13	15	8	5	9	15	10	8	7	14	12	0	12	12	13	8	5	12	14	10	15	14	6	9	7
5	15	12	15	9	12	8	11	10	10	12	7	10	13	6	13	8	7	8	9	13	15	11	13	13	12	6	7	10	14	13	5	7	12	14	11	10	0	14	8	11	14	12	14	11	9	8	7	14	5
11	9	12	11	14	6	7	6	8	10	8	8	15	10	15	8	5	14	11	10	10	10	13	6	15	15	6	6	15	12	7	15	7	9	5	9	13	10	0	5	15	8	8	9	10	9	13	10	9	10
14	11	5	15	5	11	15	5	12	9	15	15	14	13	5	7	6	7	13	13	7	8	10	11	10	10	6	15	11	5	8	14	11	12	15	7	6	7	8	0	8	11	5	8	13	13	10	14	15	5
8	7	10	7	11	14	5	5	10	5	7	15	11	10	9	9	14	14	6	6	9	13	13	15	8	10	14	6	6	9	14	8	7	14	12	5	8	15	7	12	0	12	10	8	7	11	11	14	15	11
15	10	9	8	8	12	14	11	14	12	7	14	5	8	15	13	9	12	15	7	10	11	11	11	10	12	14	12	5	14	11	13	15	12	9	10	15	13	9	7	7	0	14	13	6	5	13	14	9	11
8	12	7	11	12	14	8	11	5	5	7	15	10	14	9	13	6	10	6	8	14	11	13	5	15	13	10	7	14	7	9	7	8	9	5	9	12	7	7	6	7	5	0	11	14	10	11	8	11	13
15	14	9	8	13	6	11	7	14	5	9	13	9	10	10	9	8	8	11	11	9	5	11	14	11	10	5	5	14	11	6	11	6	7	15	7	13	15	6	14	12	15	5	0	8	7	11	13	6	7
15	11	9	15	8	5	12	14	14	13	15	15	7	6	13	7	8	6	7	12	7	5	5	11	10	5	7	14	12	9	15	8	8	7	12	7	6	9	8	13	8	7	9	5	0	11	14	15	15	13
10	11	6	7	13	11	9	9	9	12	6	9	5	12	11	15	13	12	6	9	5	11	5	12	15	10	6	8	15	14	9	14	8	12	7	14	13	7	7	10	6	10	14	9	6	0	8	11	7	5
12	15	12	5	13	10	9	10	15	6	15	10	13	5	8	7	9	8	5	12	15	5	12	14	13	10	10	10	15	13	5	15	7	10	5	5	13	12	14	6	9	11	11	11	8	14	0	12	11	14
5	7	6	14	11	7	11	9	8	10	13	5	5	8	6	14	9	10	9	15	5	5	8	8	6	7	15	6	11	15	10	6	14	13	5	9	10	11	14	6	15	14	15	6	6	6	12	0	7	14
10	5	8	13	14	12	9	12	11	8	12	5	11	5	14	6	15	13	15	14	15	7	10	7	10	11	9	15	12	12	8	12	8	10	12	7	12	11	13	8	13	5	15	5	9	7	10	10	0	9
13	10	7	12	13	14	7	15	15	6	5	6	10	10	10	8	11	9	14	5	9	14	5	11	9	8	7	10	9	8	10	15	12	10	13	15	5	12	12	11	5	11	8	10	9	10	13	11	8	0
