75
1	 33	 30	 43	 3	 4
2	 5	 716	 735	 7	 10
3	 20	 245	 259	 7	 9
4	 22	 372	 374	 3	 7
5	 15	 412	 424	 1	 4
6	 9	 226	 248	 6	 8
7	 16	 1168	 1179	 3	 9
8	 21	 1883	 1890	 2	 3
9	 15	 1196	 1216	 2	 10
10	 35	 -63	 -54	 2	 10
11	 8	 991	 994	 5	 7
12	 20	 1415	 1418	 9	 10
13	 31	 -110	 -89	 6	 7
14	 39	 263	 268	 3	 3
15	 39	 1853	 1853	 2	 3
16	 34	 1091	 1096	 4	 5
17	 27	 1822	 1837	 5	 8
18	 7	 -207	 -206	 2	 8
19	 21	 250	 255	 6	 10
20	 20	 1140	 1158	 5	 5
21	 23	 1723	 1741	 3	 3
22	 40	 1547	 1563	 7	 10
23	 24	 866	 873	 4	 9
24	 39	 192	 213	 5	 5
25	 18	 1540	 1553	 2	 5
26	 40	 1167	 1185	 3	 7
27	 21	 892	 913	 4	 5
28	 16	 477	 499	 2	 9
29	 24	 440	 458	 1	 6
30	 24	 1314	 1315	 5	 7
31	 39	 1008	 1010	 2	 2
32	 9	 1559	 1580	 2	 6
33	 23	 129	 140	 3	 10
34	 5	 97	 97	 2	 3
35	 32	 1291	 1296	 3	 3
36	 22	 937	 957	 7	 10
37	 36	 1030	 1051	 2	 7
38	 21	 1743	 1761	 1	 2
39	 22	 1720	 1733	 2	 8
40	 39	 128	 133	 1	 1
41	 38	 352	 360	 6	 9
42	 23	 354	 376	 5	 6
43	 8	 1350	 1362	 10	 10
44	 24	 1375	 1382	 1	 3
45	 12	 1088	 1101	 2	 9
46	 35	 921	 928	 9	 9
47	 25	 802	 804	 3	 4
48	 7	 -218	 -210	 1	 3
49	 19	 273	 276	 8	 9
50	 12	 443	 448	 5	 9
51	 20	 1501	 1507	 4	 4
52	 13	 1040	 1042	 7	 7
53	 11	 1051	 1068	 4	 10
54	 34	 1689	 1708	 6	 7
55	 33	 388	 393	 5	 5
56	 8	 992	 996	 1	 1
57	 19	 1226	 1243	 1	 4
58	 36	 28	 44	 6	 6
59	 39	 1051	 1058	 1	 1
60	 39	 1754	 1759	 1	 4
61	 10	 714	 717	 8	 8
62	 37	 1356	 1365	 3	 4
63	 11	 284	 298	 7	 10
64	 23	 -50	 -42	 2	 2
65	 16	 928	 936	 2	 3
66	 21	 439	 440	 8	 8
67	 16	 366	 382	 1	 6
68	 13	 414	 428	 3	 8
69	 20	 1052	 1057	 1	 2
70	 11	 -137	 -120	 6	 6
71	 40	 1780	 1794	 5	 5
72	 12	 1554	 1566	 5	 10
73	 15	 1890	 1892	 1	 1
74	 17	 1290	 1303	 3	 4
75	 34	 270	 284	 3	 6
0	12	14	8	9	6	5	11	6	13	15	6	9	14	5	13	6	8	15	12	6	8	13	9	13	13	13	9	5	12	7	7	15	10	13	13	10	5	9	8	5	12	10	14	11	8	7	13	15	15	11	6	13	8	9	9	14	12	8	10	5	5	13	13	6	14	12	6	10	15	12	13	14	8	13
6	0	13	12	5	9	7	12	5	9	6	6	10	5	15	13	9	8	14	9	5	9	14	13	14	7	10	7	12	15	12	11	13	13	15	8	10	9	10	11	8	5	15	15	9	11	12	6	14	14	15	11	9	10	14	6	8	8	10	11	15	15	7	5	15	13	10	14	15	11	10	9	7	14	7
11	11	0	12	14	13	12	14	6	6	12	5	9	13	10	14	13	13	8	6	11	11	9	8	11	15	14	14	5	9	5	9	11	10	8	10	8	7	13	10	6	5	10	15	6	14	7	12	11	12	9	7	14	7	11	7	14	15	12	5	14	10	10	14	14	11	14	5	7	15	14	15	10	7	7
5	7	12	0	14	11	15	11	10	12	9	8	6	7	7	13	7	7	15	9	8	11	13	11	15	10	15	7	5	5	8	9	5	12	11	12	12	14	10	9	7	6	10	9	6	9	5	12	5	6	7	12	10	6	7	9	10	9	9	9	14	6	13	7	11	6	10	8	8	11	8	15	11	9	13
13	10	10	6	0	14	7	8	10	7	14	11	9	9	7	15	9	13	15	6	7	11	14	8	11	6	7	15	13	14	5	8	7	9	11	11	10	9	14	9	11	9	15	11	11	15	11	11	15	5	6	11	9	14	13	13	15	12	8	6	15	12	11	13	10	7	10	13	10	7	9	7	14	5	15
12	5	9	8	13	0	5	9	5	8	11	13	7	14	9	14	8	14	8	6	7	10	8	8	10	8	8	8	11	9	6	9	8	12	5	8	5	6	7	5	13	14	10	6	6	10	6	14	12	10	11	13	5	14	9	9	13	12	7	10	15	15	5	10	9	11	6	15	8	6	8	14	7	10	7
8	14	9	8	11	8	0	15	14	13	7	14	11	6	14	10	5	14	8	14	6	8	10	10	12	6	12	13	14	7	6	12	14	6	12	5	12	7	8	12	15	11	10	12	9	10	9	12	6	7	7	6	5	13	9	9	6	5	10	11	6	6	6	11	12	8	13	15	13	7	13	7	15	13	6
9	7	10	9	8	8	10	0	7	9	10	5	15	8	7	7	10	6	7	8	15	15	13	14	9	12	14	9	14	11	5	13	8	14	8	10	9	7	9	15	12	8	5	9	10	7	5	7	10	11	13	6	14	13	8	6	6	14	12	11	9	9	11	5	5	8	6	12	11	12	13	7	7	12	13
5	7	8	5	9	12	5	12	0	12	13	7	14	12	11	15	7	8	12	10	8	14	13	11	10	15	15	5	14	11	14	5	15	15	5	10	5	6	14	13	13	8	12	5	5	6	9	15	9	13	6	13	10	6	10	13	14	9	9	6	13	11	6	13	12	15	7	12	12	5	6	12	12	8	11
10	15	5	7	12	15	6	11	10	0	13	9	14	8	9	11	12	8	6	10	6	5	6	15	10	15	15	10	5	5	5	10	5	11	12	5	13	15	13	8	15	10	9	6	14	13	14	6	10	6	9	10	12	12	5	7	15	6	5	9	6	10	6	14	15	5	13	6	8	5	9	10	6	9	10
15	11	12	8	6	15	13	8	11	7	0	12	12	10	12	15	6	7	6	15	7	9	8	15	6	10	9	11	12	14	13	11	13	9	12	14	15	9	14	8	13	5	5	14	14	15	14	10	11	9	13	12	10	10	10	15	8	15	12	8	12	14	14	9	12	5	7	11	13	7	11	10	15	12	7
14	13	10	7	15	6	9	6	11	13	14	0	13	6	12	14	14	10	14	6	10	13	13	7	10	11	15	12	9	12	15	14	10	8	11	5	11	10	5	15	6	7	10	6	7	9	15	8	13	7	14	13	14	11	12	13	14	15	15	9	10	6	7	11	8	14	14	10	14	9	6	7	14	9	11
8	9	11	12	7	11	9	11	6	11	13	14	0	14	6	11	7	8	8	6	13	9	5	12	14	6	14	12	9	7	15	13	7	9	7	10	15	14	11	13	9	9	5	5	6	5	9	13	11	12	15	9	6	9	10	11	9	8	7	8	9	6	15	6	8	10	6	6	11	9	11	11	14	13	13
6	13	14	9	9	11	7	8	11	13	10	7	8	0	10	13	15	11	5	8	13	11	5	9	15	7	14	11	11	11	11	6	10	14	13	12	6	11	14	12	15	9	12	9	6	13	6	8	12	14	7	11	12	12	9	7	8	6	9	14	11	14	9	13	9	14	12	9	14	15	11	13	14	5	7
10	10	13	11	11	5	11	8	8	10	11	7	14	8	0	12	15	14	11	11	7	8	14	5	11	11	13	11	7	8	7	8	5	8	12	7	5	5	12	11	7	13	13	14	7	15	11	6	10	5	15	11	13	8	10	6	13	14	9	13	9	6	6	12	15	15	7	11	12	15	7	6	9	7	6
7	6	5	10	11	10	13	5	5	7	5	12	10	11	12	0	11	5	7	7	8	7	14	12	9	8	6	5	7	6	13	6	6	13	8	11	13	6	10	15	12	9	10	15	10	13	6	9	8	7	6	9	7	6	14	15	8	10	13	9	6	13	13	9	8	7	7	15	11	13	14	9	8	11	7
9	5	11	12	5	8	6	6	5	12	6	9	5	8	9	15	0	10	5	6	13	14	9	5	11	14	15	11	11	11	5	12	7	10	6	10	14	6	15	13	8	13	5	5	14	7	15	10	14	11	14	12	11	13	12	7	8	13	12	6	9	14	9	5	8	6	5	12	15	11	11	14	8	7	14
12	8	15	5	5	12	7	7	15	8	8	9	10	15	8	14	14	0	14	7	10	7	10	15	11	8	7	12	12	6	5	11	11	8	13	14	7	11	15	12	12	10	12	10	5	10	6	13	6	7	15	14	5	12	15	13	10	14	13	11	14	15	15	12	9	12	15	11	10	6	13	11	5	13	8
11	8	11	6	14	15	14	7	8	11	14	8	13	9	12	8	5	6	0	12	11	6	8	12	6	15	8	10	14	8	8	12	6	6	6	15	15	15	12	7	6	11	12	15	8	5	11	13	6	14	9	14	8	7	15	9	5	13	11	7	8	9	13	7	7	13	12	5	14	9	6	8	14	12	9
5	15	9	10	8	7	10	14	7	13	5	7	11	9	13	5	15	8	9	0	10	12	11	7	6	13	9	5	5	11	7	10	6	9	12	5	5	10	7	9	5	7	14	5	14	9	15	6	15	7	12	9	9	5	11	7	13	5	12	6	5	5	9	9	11	14	12	10	6	14	5	10	15	6	15
15	13	13	11	11	8	13	8	8	14	10	13	10	15	6	8	5	15	5	7	0	7	12	6	8	8	14	15	10	7	8	15	12	7	13	10	14	12	11	7	8	10	7	5	8	9	15	11	11	12	13	10	7	8	5	11	8	12	14	9	14	14	9	5	14	5	12	13	14	8	15	15	12	11	12
14	13	8	10	9	7	7	6	6	15	5	14	12	8	15	6	7	11	10	13	10	0	7	8	12	14	5	6	9	10	5	11	12	14	11	6	10	9	9	5	9	13	14	15	9	15	14	7	12	9	8	12	5	13	13	8	5	11	7	12	13	5	8	14	5	12	11	5	10	14	8	12	5	6	6
10	5	14	15	12	5	8	14	12	13	12	14	14	13	8	13	9	10	11	10	10	15	0	8	5	6	6	9	10	6	5	10	12	9	13	8	13	8	11	10	9	6	7	12	6	11	14	10	15	10	5	15	14	10	8	9	15	10	12	13	7	15	15	10	8	10	6	11	9	12	8	7	5	14	15
13	13	15	7	9	14	5	12	7	10	10	6	7	15	14	14	13	10	7	13	6	5	12	0	7	8	11	14	11	13	5	5	7	8	8	7	9	7	12	8	15	7	12	7	9	9	7	7	15	11	13	15	14	14	13	15	15	12	14	6	10	5	6	7	13	13	14	14	12	15	7	7	14	14	11
13	9	12	11	5	14	11	7	9	14	6	13	8	5	13	5	9	15	10	14	12	5	8	11	0	10	11	7	9	10	5	11	10	7	13	9	13	7	8	7	7	6	6	7	8	5	10	8	12	14	14	11	14	13	9	8	7	6	8	14	10	15	11	14	6	10	8	11	12	13	6	14	10	12	11
13	10	7	5	13	5	9	10	10	5	11	8	5	9	15	11	8	13	5	12	12	9	7	15	6	0	8	7	9	7	13	8	10	7	5	15	10	9	5	10	11	8	10	7	5	10	12	11	13	5	14	12	12	10	9	13	11	8	12	12	15	8	12	11	5	13	6	7	9	14	12	9	15	7	12
14	5	15	11	6	5	6	9	6	14	10	9	11	14	11	7	15	7	15	14	10	14	10	6	8	6	0	7	6	7	5	14	13	5	12	12	7	13	14	6	6	12	9	5	6	5	6	13	9	14	12	14	14	10	15	15	12	5	11	12	9	5	11	9	15	9	6	9	15	12	5	8	6	12	14
15	12	12	15	13	8	11	14	15	6	7	7	8	11	13	11	5	12	14	8	11	11	14	5	5	12	5	0	7	15	6	10	7	8	12	8	8	7	12	14	7	9	5	12	7	14	8	9	13	6	5	7	13	7	9	15	6	15	6	15	11	10	7	14	12	10	9	9	5	13	8	14	5	15	14
9	14	14	14	9	14	9	9	10	9	7	11	11	5	10	7	7	13	5	14	11	12	6	5	7	8	6	12	0	13	5	8	13	8	6	8	14	5	9	9	7	6	12	14	7	14	11	15	13	13	13	14	15	5	7	12	14	13	7	11	11	13	10	7	14	13	11	8	6	9	7	10	7	9	10
11	11	14	9	7	9	6	10	14	11	8	13	11	6	7	14	13	14	11	15	5	13	11	14	12	7	14	7	11	0	6	5	5	15	8	6	12	13	14	5	10	5	13	6	10	9	8	7	15	5	5	11	15	12	8	10	10	12	13	11	14	11	5	12	5	14	13	13	15	7	15	7	6	12	5
6	5	8	15	10	10	11	11	12	5	11	8	10	8	7	7	9	5	14	6	7	12	12	11	5	5	12	10	12	13	0	8	9	12	14	5	11	11	11	9	13	10	11	9	15	7	9	12	8	5	8	10	10	10	14	10	6	9	9	10	11	12	5	12	5	14	15	14	15	11	5	6	9	5	13
6	8	6	5	10	11	7	14	5	13	7	11	7	7	13	15	10	13	11	9	10	9	14	11	9	14	9	7	15	13	9	0	9	14	14	7	10	11	5	10	7	8	5	9	12	5	8	14	10	5	8	9	15	14	13	9	15	7	12	5	13	14	15	7	5	13	6	6	14	14	11	14	6	14	7
8	11	9	9	10	8	14	10	8	12	6	7	7	15	14	8	10	6	6	7	8	6	12	7	13	13	9	8	12	8	5	6	0	7	6	12	6	8	6	9	8	14	6	6	15	13	7	11	12	15	7	8	8	12	6	13	15	12	6	11	15	6	5	8	15	8	10	11	9	6	14	8	10	11	15
6	7	14	7	5	8	15	13	9	15	5	7	13	14	13	6	11	7	8	15	13	6	9	14	8	10	10	9	10	7	6	6	12	0	5	14	12	13	9	5	6	5	9	15	8	5	14	5	13	7	10	8	6	7	9	5	14	13	9	8	12	10	12	5	14	7	15	13	12	9	5	5	10	10	15
15	8	13	7	10	11	12	9	13	12	10	6	13	7	8	10	8	14	12	13	11	15	7	8	6	15	9	9	10	14	5	10	10	9	0	15	8	8	5	14	9	13	5	12	5	5	12	5	7	11	10	13	13	15	10	7	15	6	10	9	15	14	8	9	12	6	12	10	15	7	6	15	15	12	15
14	9	6	14	15	8	9	9	8	12	11	10	11	5	14	11	13	8	10	15	8	8	5	9	14	8	5	8	12	6	8	6	6	6	11	0	11	5	10	5	6	5	8	14	10	12	10	8	11	13	8	15	15	13	7	13	5	7	13	7	6	7	10	13	10	7	5	12	7	5	5	12	5	8	5
5	6	8	7	9	12	11	13	11	8	9	14	9	6	9	5	8	12	7	15	12	11	9	9	9	6	14	7	5	12	10	13	11	15	11	7	0	10	10	5	12	8	6	13	6	7	14	9	7	10	15	6	14	10	15	13	12	15	15	14	8	8	10	14	15	5	6	10	11	5	6	10	12	13	11
15	10	11	13	5	6	6	14	10	6	6	7	13	9	5	6	10	6	12	14	7	9	6	8	12	14	14	10	14	6	5	6	14	7	12	11	9	0	5	15	6	10	12	14	9	12	7	8	13	12	8	6	14	10	12	6	12	9	5	15	7	12	7	15	5	12	15	14	7	5	15	7	6	13	8
12	12	10	8	15	6	10	5	15	8	12	8	10	11	8	9	13	5	13	12	12	11	14	13	12	14	13	10	10	10	12	9	14	9	12	6	6	13	0	12	8	9	5	15	13	15	10	10	13	15	12	14	5	5	14	15	15	10	15	9	14	14	5	8	9	11	7	11	13	12	10	7	9	7	15
7	5	5	7	6	12	8	5	6	6	6	10	15	6	5	5	12	9	14	12	13	5	7	7	12	10	15	7	10	13	6	14	8	9	11	8	12	12	8	0	7	5	12	5	6	11	13	7	8	5	13	7	15	8	5	7	11	11	5	7	14	15	7	13	6	9	11	14	11	6	15	7	12	9	10
6	13	7	5	13	8	5	5	10	5	7	7	8	13	6	15	10	7	13	11	6	13	9	13	9	9	9	7	13	10	11	5	14	9	15	14	14	5	14	12	0	8	5	14	8	6	13	14	9	8	9	12	14	10	11	10	9	10	10	12	6	9	13	12	5	13	14	8	12	10	8	14	7	5	15
12	13	9	7	6	12	6	5	9	7	12	10	9	6	15	6	6	8	8	14	13	11	8	9	5	7	7	5	6	15	15	10	13	12	6	11	15	13	11	8	6	0	12	14	11	15	15	13	14	13	8	8	7	7	6	8	13	12	12	9	7	15	8	12	7	11	13	14	9	10	13	14	6	7	5
13	5	7	14	10	7	11	11	10	15	15	14	8	14	6	8	9	12	9	6	9	15	6	15	10	15	6	13	12	10	5	7	7	13	5	9	7	6	15	11	7	12	0	12	10	14	12	15	6	12	15	13	14	15	7	12	15	11	9	7	14	8	12	6	15	11	14	14	13	14	5	8	9	5	6
10	5	12	5	7	14	11	5	9	11	11	7	12	7	12	9	5	13	9	7	10	8	14	11	15	15	15	5	9	10	12	14	10	12	11	11	14	14	8	7	13	7	11	0	5	8	13	5	15	7	11	11	6	8	8	13	8	8	6	13	9	10	10	11	5	15	5	15	15	5	13	12	5	13	15
11	13	12	13	8	10	14	5	13	5	14	5	7	5	8	13	10	13	9	14	11	10	14	7	6	11	8	12	15	6	7	6	5	6	8	15	14	7	13	10	11	7	9	8	0	13	11	10	6	9	13	11	13	6	9	8	5	11	14	10	8	11	15	14	12	8	10	5	12	15	8	15	15	5	8
15	13	13	6	6	12	5	15	12	9	12	6	15	10	10	14	13	6	8	9	7	15	12	13	5	10	11	12	11	11	12	11	15	5	15	6	5	5	11	15	11	6	11	12	5	0	9	8	11	10	7	10	13	8	12	9	7	7	14	15	6	8	8	12	12	13	11	14	13	7	5	9	15	11	14
11	6	8	13	10	6	15	9	7	7	5	15	13	5	8	5	13	10	5	10	8	5	8	15	6	6	5	11	15	5	6	5	6	11	8	5	14	8	11	12	12	11	13	5	8	5	0	5	9	6	9	15	10	5	7	11	10	12	9	7	13	6	5	8	10	12	13	14	8	14	11	11	8	11	10
12	5	5	8	8	7	13	5	15	5	6	14	13	7	15	5	8	12	6	5	9	6	10	11	5	12	9	15	5	14	13	14	12	14	5	9	14	12	7	13	11	11	6	12	8	9	15	0	8	8	15	9	12	13	5	10	5	7	10	6	13	6	10	15	5	15	15	10	8	12	5	6	9	8	5
14	11	11	5	11	11	5	9	9	5	7	5	14	15	7	8	14	15	7	5	15	12	15	8	11	5	7	14	14	9	9	11	5	13	9	14	14	14	15	14	9	6	11	6	10	12	10	5	0	9	9	10	8	15	8	12	14	15	9	12	9	12	8	8	7	7	14	8	10	10	13	14	13	5	9
15	14	7	13	12	14	12	7	15	15	12	5	8	6	7	14	5	8	8	13	11	15	9	5	14	6	11	5	13	11	10	5	10	11	15	5	5	6	10	9	14	7	9	6	9	12	15	6	11	0	8	14	13	5	15	7	7	9	12	15	9	8	14	7	9	5	14	11	14	6	13	13	7	6	10
8	14	7	14	7	9	9	6	9	14	6	8	5	9	13	15	10	14	14	14	7	6	13	8	5	11	15	9	13	7	13	9	11	13	13	6	6	15	11	7	6	14	6	11	8	13	5	7	9	14	0	8	15	5	8	13	5	11	7	8	12	9	8	13	5	12	5	10	7	6	5	14	6	11	8
6	5	7	11	13	13	5	11	6	6	9	14	15	10	6	5	14	6	12	11	6	10	6	8	10	5	14	7	14	11	11	12	7	9	13	15	13	15	15	5	5	6	6	15	6	9	8	7	6	14	7	0	8	8	11	15	15	9	11	9	11	8	8	9	12	14	12	13	10	12	13	13	9	5	8
14	6	11	14	11	9	15	13	13	7	13	7	6	11	7	8	5	5	12	7	9	14	5	14	7	8	9	13	6	15	14	9	5	5	5	11	13	7	13	6	10	13	13	6	9	11	12	5	8	15	14	9	0	12	15	9	15	14	10	15	13	8	14	7	11	9	6	7	13	5	12	13	14	5	13
6	12	12	7	9	10	8	15	13	11	12	10	13	7	12	14	5	5	10	12	5	14	8	10	15	5	8	10	6	12	6	8	7	10	7	9	15	15	7	10	8	13	6	5	13	10	10	8	12	12	7	5	6	0	15	10	7	11	5	6	7	15	8	7	13	11	7	9	6	12	12	12	12	15	11
7	10	15	14	5	10	12	12	13	12	8	8	10	6	12	11	12	10	8	13	9	9	12	6	14	10	6	15	14	9	10	9	13	9	5	15	8	15	13	13	7	10	14	15	9	11	7	8	10	10	11	7	8	8	0	9	9	13	7	9	12	13	13	11	11	9	14	11	14	7	15	5	12	10	14
15	15	7	12	12	6	6	11	14	6	12	6	8	8	7	6	9	10	6	5	12	15	12	12	13	10	7	14	8	13	8	8	14	9	5	12	7	11	15	15	11	13	9	11	12	9	8	15	10	13	10	13	12	6	12	0	14	7	5	12	8	10	8	7	9	14	9	12	14	12	10	8	14	15	10
7	5	13	5	12	9	9	14	15	9	15	8	7	14	7	8	12	8	13	15	14	15	6	10	8	14	12	13	10	11	15	9	12	6	8	13	9	10	15	14	7	7	6	13	8	9	5	11	15	6	14	7	5	10	12	11	0	9	5	8	15	12	14	13	7	6	12	13	6	14	15	6	8	13	14
11	15	11	7	10	15	7	8	9	14	12	15	13	15	10	11	13	9	5	10	5	9	11	7	7	13	7	9	8	13	12	7	13	8	7	5	6	10	10	14	5	5	11	11	14	14	15	15	6	8	14	9	6	10	14	5	8	0	12	6	8	9	5	13	8	10	14	6	12	6	11	9	6	14	5
11	10	15	15	11	14	8	7	13	9	6	15	15	13	9	6	12	10	12	11	8	15	9	5	8	5	11	13	6	14	13	9	6	8	11	14	11	14	13	9	11	10	8	7	8	9	6	14	9	13	9	10	14	12	5	13	13	7	0	13	9	5	15	12	9	13	7	13	10	15	6	13	10	8	11
14	11	11	9	6	6	6	13	11	11	11	8	5	10	11	12	15	12	10	15	9	9	14	14	8	6	12	14	13	14	7	5	9	10	15	14	8	11	15	11	10	11	9	7	11	9	14	9	9	15	11	13	11	9	15	5	13	11	14	0	15	14	15	6	8	15	11	8	12	8	15	7	6	12	6
12	12	13	8	6	10	7	5	5	7	13	12	13	5	14	12	8	5	8	11	13	9	6	11	10	15	8	9	6	5	11	15	10	9	15	7	15	12	11	14	12	10	12	6	10	10	11	9	11	12	12	7	10	5	7	14	5	13	10	10	0	13	11	10	10	6	13	9	11	9	12	7	6	7	12
12	15	6	8	6	13	12	9	13	6	10	15	9	14	13	9	8	10	15	11	14	9	6	14	14	6	8	6	5	5	7	6	15	11	12	14	13	15	15	7	6	5	6	6	12	8	13	9	12	12	15	8	8	5	5	11	9	7	7	14	7	0	8	7	7	8	7	8	15	10	12	6	15	6	9
13	6	6	13	8	7	12	15	7	10	6	8	15	9	14	12	15	8	6	9	5	10	10	13	6	11	12	12	8	11	11	5	5	15	15	12	5	13	12	9	10	10	9	11	13	8	12	12	13	14	10	12	15	14	13	11	13	11	10	10	5	10	0	11	9	11	6	11	15	11	7	11	6	12	9
12	11	9	10	7	13	5	12	7	8	7	9	13	13	13	7	5	5	13	9	15	10	13	10	13	8	14	5	9	9	11	15	9	12	15	6	10	15	7	8	7	6	5	8	13	7	15	5	5	5	9	11	15	6	9	8	11	15	14	14	5	5	11	0	12	13	11	6	10	6	6	12	6	6	6
9	15	10	7	14	15	7	8	6	10	12	6	5	7	9	9	10	13	13	12	13	9	11	7	8	10	11	5	10	8	14	11	10	15	12	8	14	6	13	7	13	12	8	13	7	8	15	7	8	14	10	15	6	5	12	11	7	14	13	6	15	6	10	14	0	8	11	15	5	9	7	11	9	13	10
8	6	8	13	5	8	11	11	7	7	10	5	14	7	7	8	10	10	10	14	13	9	14	5	11	9	10	6	14	13	12	5	7	7	15	12	9	10	14	8	6	9	7	9	12	9	13	15	5	10	15	11	8	15	7	15	13	15	8	12	8	14	7	15	8	0	5	15	10	5	15	10	8	7	11
9	5	15	11	6	8	7	8	15	8	13	10	12	7	10	12	12	14	6	9	11	14	5	8	14	10	15	13	5	13	6	7	6	15	9	15	13	6	15	11	7	7	14	11	12	10	5	13	14	11	12	5	5	6	9	13	9	11	6	14	14	7	8	9	13	7	0	5	12	13	5	11	5	11	12
12	13	6	10	13	9	7	15	10	7	6	15	9	5	9	12	11	9	8	9	7	14	11	15	9	9	10	11	11	13	11	7	14	12	5	11	13	10	8	14	14	14	14	6	9	8	11	7	9	6	7	11	6	15	11	15	11	15	9	13	10	14	8	12	10	13	11	0	7	13	8	14	10	6	7
13	5	7	15	6	12	14	9	5	6	15	10	11	7	12	10	15	14	5	14	7	14	8	9	15	9	15	11	12	12	6	12	9	11	10	12	12	10	11	12	7	7	15	12	6	12	13	10	15	15	6	15	15	10	13	11	13	15	15	7	12	6	11	12	14	9	13	5	0	8	10	7	7	9	9
6	8	6	15	6	6	7	9	7	14	15	7	7	9	8	14	7	13	6	5	11	8	5	5	6	6	6	15	13	8	14	10	13	12	8	5	12	10	7	15	6	7	5	9	8	8	10	7	8	7	12	11	10	13	6	11	13	10	14	11	13	12	14	8	7	7	7	6	13	0	11	10	5	11	7
12	14	9	15	11	9	12	9	9	12	9	8	13	14	14	12	7	12	8	13	12	7	13	15	10	8	11	5	13	6	9	11	11	5	6	14	13	13	8	7	12	9	15	8	7	14	5	8	5	6	10	15	14	5	12	11	11	10	10	11	14	10	6	15	11	12	5	5	14	14	0	14	8	5	11
7	13	7	10	11	6	14	7	15	5	8	14	10	6	5	8	15	14	14	6	9	14	13	14	11	5	15	12	14	15	10	5	14	11	8	7	9	7	6	11	9	7	12	13	5	6	13	7	6	8	5	14	5	7	14	15	13	13	14	6	13	11	11	9	9	14	8	9	10	14	10	0	5	14	11
7	10	11	15	6	9	11	11	11	6	7	11	15	12	5	13	8	10	11	6	9	14	5	5	5	5	6	15	15	12	8	10	12	11	5	8	11	5	15	14	13	14	8	6	8	13	9	7	14	12	10	12	15	11	5	9	8	15	6	13	5	7	13	6	12	13	5	15	12	5	6	5	0	14	8
15	8	10	7	13	12	10	13	12	14	14	11	6	5	12	6	10	10	12	12	5	12	6	9	14	5	6	13	8	5	10	6	12	10	10	11	15	9	14	12	6	13	8	6	10	9	8	14	6	8	6	12	12	7	5	15	15	10	12	15	10	12	9	6	10	6	8	11	5	15	12	15	9	0	8
12	6	6	9	6	14	7	12	15	5	12	13	7	7	13	5	15	11	13	6	11	5	12	11	10	5	13	10	8	7	13	11	7	15	10	8	5	10	7	13	9	7	11	5	11	15	10	7	8	15	5	12	7	14	9	8	13	15	13	9	5	11	7	12	8	8	15	14	13	15	5	12	12	5	0
