75
1	 34	 1281	 1301	 8	 10
2	 10	 1437	 1446	 2	 2
3	 31	 1511	 1517	 4	 4
4	 16	 1238	 1258	 1	 1
5	 34	 1566	 1570	 4	 5
6	 6	 1695	 1713	 2	 5
7	 24	 1592	 1601	 5	 9
8	 30	 1742	 1749	 2	 4
9	 18	 1404	 1416	 3	 4
10	 36	 1699	 1705	 5	 8
11	 7	 1368	 1368	 1	 1
12	 7	 1442	 1459	 8	 9
13	 22	 1681	 1690	 4	 7
14	 36	 1780	 1802	 5	 5
15	 37	 1631	 1632	 3	 4
16	 8	 1721	 1729	 1	 7
17	 18	 1556	 1562	 1	 1
18	 21	 1471	 1480	 1	 1
19	 26	 1353	 1364	 3	 4
20	 33	 1403	 1423	 4	 4
21	 35	 1780	 1780	 1	 2
22	 8	 1636	 1651	 1	 4
23	 21	 1578	 1587	 5	 5
24	 29	 1409	 1412	 3	 5
25	 23	 1570	 1588	 1	 10
26	 15	 1510	 1532	 4	 4
27	 27	 1733	 1755	 2	 2
28	 9	 1668	 1674	 5	 9
29	 26	 1221	 1242	 5	 7
30	 36	 1426	 1448	 5	 6
31	 30	 1606	 1612	 7	 10
32	 8	 1461	 1463	 1	 6
33	 36	 1212	 1234	 2	 3
34	 13	 1536	 1544	 1	 2
35	 32	 1459	 1475	 1	 1
36	 5	 1232	 1241	 1	 1
37	 15	 1487	 1509	 9	 10
38	 40	 1409	 1431	 3	 3
39	 32	 1389	 1409	 3	 4
40	 17	 1644	 1659	 3	 6
41	 29	 1233	 1251	 3	 5
42	 11	 1344	 1347	 3	 5
43	 28	 1163	 1169	 7	 7
44	 23	 1534	 1541	 3	 7
45	 34	 1799	 1804	 3	 3
46	 39	 1238	 1248	 1	 9
47	 16	 1751	 1752	 3	 4
48	 30	 1192	 1211	 5	 6
49	 30	 1315	 1331	 3	 3
50	 13	 1705	 1710	 5	 9
51	 15	 1761	 1769	 2	 3
52	 15	 1826	 1838	 2	 2
53	 30	 1454	 1461	 2	 3
54	 16	 1732	 1743	 6	 8
55	 32	 1414	 1435	 1	 2
56	 14	 1635	 1648	 4	 8
57	 36	 1504	 1510	 3	 4
58	 5	 1691	 1708	 5	 8
59	 35	 1235	 1235	 2	 5
60	 5	 1465	 1481	 1	 4
61	 20	 1726	 1744	 8	 8
62	 24	 1405	 1417	 1	 1
63	 11	 1481	 1482	 4	 5
64	 23	 1792	 1811	 6	 6
65	 24	 1620	 1627	 3	 6
66	 40	 1454	 1457	 3	 6
67	 38	 1266	 1279	 2	 5
68	 17	 1167	 1188	 1	 4
69	 23	 1604	 1615	 1	 5
70	 5	 1702	 1722	 1	 2
71	 12	 1704	 1726	 10	 10
72	 15	 1752	 1757	 9	 10
73	 18	 1364	 1382	 1	 1
74	 24	 1681	 1683	 5	 6
75	 5	 1556	 1563	 7	 8
0	8	9	10	9	8	14	6	5	15	8	15	5	9	13	10	14	5	7	15	14	12	12	11	11	8	8	5	5	14	12	8	6	6	10	5	10	7	12	8	7	14	11	11	6	13	5	7	5	13	8	12	11	14	11	14	10	5	6	11	11	11	12	9	11	7	10	6	11	10	7	9	15	8	6
5	0	5	8	11	11	13	11	6	12	5	13	13	10	10	14	13	12	11	10	6	11	10	12	9	11	12	10	6	12	5	11	8	7	13	11	10	15	10	6	15	12	11	11	15	9	6	15	8	15	10	14	12	7	7	13	12	13	8	6	15	11	10	9	7	8	9	5	11	15	6	7	8	9	10
6	14	0	9	5	13	11	12	6	6	7	11	10	7	14	10	13	8	8	10	7	11	15	13	10	7	14	10	8	11	5	7	6	13	13	14	6	9	15	6	13	9	10	14	6	12	14	13	9	10	13	15	6	15	7	9	8	13	11	15	14	10	5	6	7	15	10	5	7	12	8	9	14	6	11
10	11	5	0	7	15	10	11	14	8	11	12	9	13	9	9	10	5	8	15	12	11	8	7	12	13	8	7	11	14	5	10	6	12	9	11	14	7	7	12	15	7	14	10	11	13	6	15	10	12	8	5	11	7	13	9	14	5	12	11	11	9	9	13	5	14	10	15	13	8	9	11	10	9	13
15	5	14	14	0	9	8	9	13	8	13	14	11	6	15	5	14	10	13	11	8	7	7	9	14	9	8	13	7	13	14	10	7	13	10	7	11	12	8	12	9	13	13	6	15	14	9	9	6	11	9	12	9	7	15	7	6	14	5	13	5	7	9	10	9	6	12	11	11	12	10	11	8	15	6
5	8	13	11	15	0	15	7	12	5	6	7	13	10	11	15	11	12	14	12	11	12	10	8	12	14	11	14	5	12	11	5	15	11	8	5	8	9	5	13	9	11	12	13	5	13	7	8	10	12	10	15	6	7	6	13	10	12	10	12	6	12	14	12	12	8	13	7	6	11	9	10	9	14	8
9	7	9	9	15	9	0	11	5	10	6	11	7	6	10	14	6	11	10	15	11	6	12	10	15	13	7	9	9	7	5	13	5	7	9	12	11	5	8	15	15	11	9	9	14	10	8	9	15	15	11	6	11	7	6	14	10	14	10	15	10	7	15	11	15	15	7	13	11	7	5	6	12	14	5
10	6	9	12	7	6	11	0	12	10	9	11	13	14	8	5	10	5	10	14	15	10	13	11	14	14	8	15	8	12	14	5	9	12	9	9	8	11	6	7	5	13	7	10	9	13	8	7	5	9	6	7	10	12	10	6	13	10	15	15	5	12	7	9	7	8	15	6	6	11	8	6	13	10	14
14	15	14	9	14	11	10	15	0	10	5	5	6	10	13	15	6	14	9	12	15	13	15	9	11	13	13	10	9	9	12	10	5	5	5	12	13	5	6	14	15	13	15	15	9	8	15	12	5	9	14	9	13	6	5	14	5	15	12	6	5	13	14	5	14	12	9	8	14	10	11	5	5	14	11
15	9	10	6	14	13	10	9	12	0	10	6	6	12	14	9	7	7	12	7	9	11	13	10	5	5	7	15	6	6	14	10	5	10	9	14	8	15	15	8	12	6	7	15	7	9	10	6	6	12	5	15	6	5	13	13	13	6	10	6	10	8	9	10	13	6	9	10	11	11	10	12	6	8	10
7	12	7	6	5	8	9	12	12	13	0	12	5	15	13	12	13	14	6	13	12	15	13	6	8	15	6	10	5	14	5	14	10	7	7	15	15	12	8	15	15	12	13	14	9	15	15	9	15	10	9	13	5	11	13	7	14	15	11	13	12	8	14	14	13	14	7	10	10	12	8	14	5	15	14
12	5	6	6	6	13	15	13	14	6	8	0	9	5	10	8	15	5	7	9	5	14	5	8	5	14	15	5	13	12	13	10	14	9	11	7	11	5	15	14	5	11	12	5	8	14	11	9	13	11	11	12	8	11	13	7	11	8	9	10	15	10	15	15	12	8	7	13	10	15	14	8	15	8	5
15	8	10	15	14	5	6	13	15	8	15	13	0	8	6	9	7	5	15	6	12	6	11	14	8	13	14	6	13	13	7	14	8	15	9	9	14	6	12	9	6	15	5	5	6	9	6	12	6	10	6	14	13	13	8	5	12	10	9	13	13	10	14	5	10	12	8	7	10	13	9	11	11	8	12
14	14	8	7	6	14	15	12	12	13	13	14	10	0	9	10	13	15	9	11	12	10	9	5	15	12	9	15	13	5	10	7	14	11	10	11	6	15	7	6	14	13	13	13	6	12	15	7	6	9	10	7	9	11	12	11	10	11	15	13	12	13	12	14	7	7	9	9	11	8	6	14	7	6	6
14	11	8	7	11	8	7	9	11	15	13	13	13	5	0	6	14	9	10	6	11	15	8	13	10	7	8	11	12	15	13	14	6	10	13	11	10	15	7	7	5	12	7	7	10	10	15	7	9	7	12	9	14	6	13	9	9	11	12	11	7	14	7	8	12	15	10	9	8	8	8	14	13	5	6
10	15	9	6	15	10	7	11	11	5	10	5	15	8	10	0	9	14	8	8	12	6	9	13	9	5	13	9	11	12	5	8	9	15	10	13	13	14	8	12	12	5	12	14	10	9	15	7	7	13	15	9	11	15	12	5	5	15	9	9	10	8	14	13	11	12	14	9	11	8	15	8	6	14	5
11	14	15	8	11	6	13	5	8	11	7	5	13	15	9	14	0	5	14	6	11	15	12	5	15	5	12	5	15	12	14	6	5	10	14	10	7	13	7	14	8	7	13	12	5	7	13	15	15	10	11	13	12	10	12	5	5	8	6	11	12	7	7	15	11	7	14	11	10	10	11	8	6	6	6
11	9	10	6	10	7	10	15	6	14	8	6	11	13	7	8	7	0	13	15	10	14	12	6	14	14	6	12	6	5	9	12	5	13	13	9	12	8	10	12	12	5	9	11	12	10	6	11	12	12	7	10	12	5	5	14	8	12	6	8	5	13	12	8	7	12	7	13	14	5	9	12	10	6	5
5	13	15	14	5	7	9	14	9	7	12	15	12	5	7	8	14	13	0	7	14	8	6	5	12	6	15	12	6	15	14	11	7	9	15	6	11	9	8	13	12	11	8	12	9	9	14	12	8	10	12	14	11	8	10	10	15	10	13	11	9	12	15	10	12	14	15	6	12	5	8	8	5	5	6
8	14	9	13	5	12	10	10	6	14	14	12	14	9	12	15	12	5	11	0	6	9	7	12	9	11	8	12	15	5	6	9	9	10	6	7	10	9	13	11	5	8	13	13	12	6	8	7	9	14	5	9	8	10	11	11	11	8	13	10	7	14	12	12	14	8	6	9	9	15	9	15	5	14	8
15	11	10	5	5	12	14	14	6	12	12	12	6	8	12	8	12	12	11	12	0	10	8	7	9	11	6	15	6	12	9	6	7	5	6	6	14	14	8	14	6	14	7	6	15	7	13	9	9	15	13	14	11	13	7	12	11	14	12	5	5	10	8	5	12	14	10	11	7	6	11	11	15	15	6
11	9	10	7	8	10	15	15	14	13	7	5	15	13	8	7	7	7	7	5	8	0	5	6	12	11	8	11	13	8	14	7	8	15	13	8	5	6	9	5	6	12	11	6	5	7	13	13	11	9	11	9	10	11	8	12	7	7	10	15	9	10	12	6	10	15	9	6	5	5	10	14	13	9	15
14	5	15	11	5	10	6	7	7	12	5	11	5	13	11	12	15	14	8	10	5	7	0	8	12	14	7	5	5	6	6	14	6	13	5	11	15	11	7	9	13	5	7	9	9	15	5	8	14	5	5	12	13	9	5	14	5	7	9	10	13	6	14	12	13	15	6	11	12	5	15	5	8	7	5
10	6	8	15	9	7	14	8	11	6	13	12	8	14	13	12	14	6	11	13	8	6	13	0	10	6	7	7	7	9	8	8	11	14	14	8	11	13	13	9	11	10	13	5	7	13	5	10	12	13	5	12	5	8	6	5	8	7	13	5	7	15	11	14	12	8	13	14	8	11	12	14	8	5	15
10	14	14	5	15	7	5	8	13	6	6	13	11	6	9	5	9	10	5	11	8	12	11	5	0	7	14	13	15	9	10	11	6	8	5	14	11	6	7	8	13	5	7	5	5	6	14	7	9	7	13	10	12	14	13	8	7	14	15	7	5	10	9	13	7	13	13	10	5	5	15	11	14	7	14
11	5	12	9	7	12	5	11	10	8	15	11	8	10	7	11	6	10	10	5	9	12	10	10	15	0	11	5	5	12	8	6	9	11	15	12	15	8	10	9	9	14	13	9	10	9	15	11	10	11	8	9	8	5	15	7	10	12	13	11	11	8	13	9	14	7	11	6	7	6	10	15	7	8	8
9	6	15	7	5	15	10	5	7	6	15	11	14	13	5	9	12	14	9	12	11	10	15	6	12	10	0	9	7	8	15	8	11	8	9	15	8	7	10	11	14	8	14	5	12	15	13	9	15	10	14	11	10	10	8	6	8	7	8	11	15	10	10	15	9	6	9	10	13	10	12	8	11	7	9
14	6	9	10	15	5	15	9	13	8	6	14	10	9	12	8	11	7	14	9	8	5	8	8	14	7	9	0	9	6	5	15	5	13	15	13	8	15	9	13	15	8	5	11	15	6	15	10	15	7	10	7	13	13	12	15	10	12	13	8	9	5	13	5	9	10	10	5	12	12	6	11	11	6	10
12	9	10	14	13	10	12	11	8	10	7	11	8	15	8	14	5	13	14	6	5	13	11	11	13	10	13	13	0	12	10	11	15	15	6	8	10	11	15	5	8	5	13	10	7	11	9	6	8	15	8	6	10	7	7	5	8	7	10	8	11	13	8	8	15	13	9	14	11	11	9	8	10	13	12
12	10	6	13	10	8	13	7	5	10	6	15	15	7	8	14	7	5	15	6	11	6	6	10	5	7	15	13	7	0	10	15	15	6	9	6	8	5	14	6	8	13	9	10	12	13	11	14	8	9	6	5	15	14	5	5	6	11	5	12	14	15	14	5	10	15	15	10	7	9	6	6	8	8	12
5	6	8	13	13	10	8	12	15	5	13	6	13	8	12	15	12	13	14	11	8	14	10	15	5	15	8	11	6	14	0	8	13	10	5	12	13	7	8	9	11	5	8	5	13	10	8	14	11	12	8	12	14	12	14	7	11	14	12	6	14	6	9	13	13	6	8	8	15	9	5	5	6	9	11
15	7	10	13	5	8	14	11	6	11	10	10	15	10	13	9	6	9	13	11	10	15	15	8	11	13	14	11	12	14	15	0	5	10	6	12	5	8	12	14	15	12	8	8	8	15	9	8	12	15	9	14	11	6	6	9	12	11	8	12	14	7	14	10	13	8	15	8	7	12	6	8	8	11	10
11	12	15	7	7	5	7	10	13	11	9	7	11	15	12	8	10	6	7	10	10	15	11	6	6	9	12	9	6	10	7	15	0	6	14	12	15	13	14	8	15	11	5	6	6	11	10	7	12	9	11	13	13	13	9	6	8	15	11	15	9	5	6	10	14	11	8	6	5	8	14	15	14	8	10
14	5	5	14	7	6	6	12	14	9	8	5	13	11	15	6	13	8	6	13	11	5	7	6	10	10	7	8	10	8	7	10	7	0	14	14	9	12	9	13	8	11	10	14	7	12	7	15	14	13	10	7	15	6	15	8	14	13	9	12	12	12	5	6	15	9	11	9	13	15	5	11	14	10	12
15	15	8	12	9	6	15	13	6	13	13	8	15	5	12	9	10	7	10	11	10	9	15	14	7	15	14	8	14	12	7	9	5	13	0	9	11	7	14	12	7	8	9	9	13	9	12	7	12	12	5	12	14	5	15	10	13	11	5	15	14	12	15	13	9	15	10	12	15	10	9	5	12	10	9
15	7	13	10	15	7	7	6	6	15	5	10	11	15	7	5	12	12	8	13	10	9	14	9	11	8	11	10	13	11	8	7	5	9	6	0	10	9	9	13	10	12	8	10	13	14	15	13	9	14	5	12	8	13	11	9	13	11	9	6	14	8	9	7	14	7	15	11	6	12	14	11	7	14	13
14	10	13	5	10	15	8	9	12	11	7	7	11	8	14	7	7	10	10	9	12	13	6	15	15	6	14	13	11	7	15	6	8	11	5	10	0	9	12	8	13	10	14	10	6	15	11	12	8	15	7	10	6	11	12	7	5	13	12	13	11	8	8	5	13	9	12	5	15	13	8	6	15	14	15
14	13	7	9	15	12	9	8	6	10	8	10	7	9	10	10	9	8	9	13	14	6	9	8	9	12	9	10	8	15	10	7	6	15	6	5	15	0	8	7	8	9	6	14	12	9	15	9	6	9	10	6	12	5	15	10	15	11	10	15	15	14	13	15	10	6	5	9	11	9	7	8	15	14	12
13	12	9	13	9	7	14	12	10	14	6	10	7	7	8	11	9	6	8	11	9	6	13	9	15	5	9	10	12	15	6	12	11	15	13	11	13	13	0	8	9	5	9	14	8	7	7	15	15	12	10	9	11	6	7	13	6	8	8	6	14	13	7	15	6	15	13	8	5	12	15	11	7	7	8
12	10	7	12	9	14	12	13	11	6	7	5	10	9	8	15	12	9	14	10	7	7	7	13	14	15	13	13	15	14	14	12	13	15	14	15	8	9	8	0	11	8	8	9	13	15	5	14	5	8	11	13	12	14	15	15	7	9	13	9	14	8	11	14	15	13	5	12	14	10	7	9	14	6	14
12	14	14	14	11	7	12	6	9	6	9	5	10	10	12	5	7	5	14	9	11	9	11	8	13	10	15	9	6	7	10	7	7	15	7	11	13	8	14	9	0	5	9	13	11	14	15	15	14	14	14	15	9	7	14	15	13	10	15	8	5	8	13	13	7	14	13	6	15	8	9	8	7	9	11
12	9	12	7	13	13	10	5	13	15	9	13	8	12	11	14	12	12	5	8	10	5	15	8	15	11	11	6	10	9	13	14	11	6	9	14	8	10	10	8	15	0	9	8	10	15	8	6	10	12	9	5	10	10	15	14	15	7	9	14	9	14	9	8	12	13	9	7	10	7	5	12	6	10	11
14	9	10	10	11	6	12	8	10	8	7	10	10	6	7	8	15	12	7	15	12	11	8	7	10	7	12	5	10	13	11	9	5	14	13	15	9	8	7	13	7	13	0	12	13	14	5	13	13	6	11	15	7	7	15	12	7	13	15	12	10	7	5	9	11	10	11	11	10	8	13	8	6	6	6
8	7	7	15	8	6	5	12	8	15	13	11	9	14	12	11	7	5	13	5	7	9	13	6	8	11	7	13	5	6	15	11	10	15	15	9	14	11	9	8	10	13	14	0	8	12	7	12	6	10	9	7	14	15	15	9	10	6	5	14	10	13	7	10	7	13	13	13	14	11	12	8	14	6	10
12	9	10	7	13	11	15	7	14	13	9	9	11	15	7	14	6	5	8	14	12	15	7	9	6	11	5	12	10	6	10	15	5	11	5	14	13	9	13	11	15	6	13	14	0	9	13	5	7	8	12	15	9	12	11	6	15	13	14	12	8	10	9	12	5	6	10	13	6	15	11	11	15	5	10
8	7	5	7	10	9	15	11	15	8	7	14	8	8	12	11	5	14	15	5	15	11	7	15	12	14	5	8	6	6	10	6	10	10	9	5	8	5	14	8	11	11	12	14	15	0	9	7	14	9	6	7	13	9	7	7	15	9	9	15	14	9	13	11	13	8	14	14	15	8	14	7	5	15	6
13	6	10	6	14	6	14	5	11	15	9	10	12	14	9	8	14	12	6	7	14	13	10	10	14	7	13	14	5	12	7	14	6	10	13	9	6	11	10	10	11	9	6	11	13	10	0	6	10	13	8	7	8	10	15	12	7	9	6	5	7	10	7	14	9	14	6	11	8	15	8	13	7	12	10
6	6	15	8	11	13	12	6	8	5	6	9	11	8	14	6	10	7	9	15	14	10	9	12	7	11	12	9	13	7	8	6	13	11	5	6	8	8	9	11	15	8	11	12	15	12	13	0	9	15	7	14	6	10	13	10	5	12	5	11	5	15	9	11	9	8	9	12	5	11	5	11	5	10	11
9	15	7	14	13	7	7	9	15	8	11	14	11	12	7	8	6	11	15	7	11	14	11	12	7	13	13	7	9	8	7	12	10	11	5	5	14	8	8	9	12	6	9	15	15	15	8	10	0	8	13	9	12	5	7	15	9	8	12	15	12	11	8	8	7	8	9	6	13	6	11	12	14	8	11
12	10	15	6	9	8	6	8	9	10	6	11	12	8	14	14	9	10	14	14	15	13	8	13	7	11	11	12	6	5	11	5	14	5	11	5	13	12	8	13	8	9	7	14	12	12	10	11	8	0	6	8	11	6	5	5	6	8	6	8	14	5	6	14	15	11	5	13	6	15	6	10	14	5	12
8	5	11	10	5	9	6	13	14	6	10	15	14	11	5	12	14	11	15	13	11	9	5	9	7	15	12	11	15	8	14	14	8	9	10	6	12	8	12	14	10	10	15	14	12	14	11	5	7	5	0	14	13	9	5	5	8	9	14	10	14	15	7	6	8	9	10	14	9	10	6	13	15	9	7
6	12	12	14	8	7	12	14	7	5	5	10	10	11	11	15	6	9	13	10	6	10	9	5	7	13	15	7	5	12	7	13	5	10	5	14	11	9	15	13	14	13	6	5	15	8	9	5	7	11	12	0	8	12	12	6	5	7	5	13	6	13	8	5	15	5	5	9	6	14	13	12	10	14	13
10	8	10	12	10	7	5	7	11	11	9	8	6	12	15	10	10	11	5	15	8	7	7	9	7	15	10	9	9	6	14	6	11	5	13	5	6	6	7	8	15	14	14	8	15	7	12	8	14	9	5	7	0	14	10	7	7	13	14	13	14	15	12	15	14	5	13	14	9	12	5	15	10	13	6
9	6	7	5	13	13	6	6	13	15	5	5	12	6	14	9	8	14	6	15	8	15	5	9	10	7	5	12	13	12	11	14	7	7	7	5	12	11	13	10	10	5	14	14	11	12	12	8	15	7	5	14	11	0	7	12	6	14	5	9	11	10	8	11	8	12	12	5	5	6	8	10	5	9	15
11	14	9	6	6	13	13	14	14	10	7	8	6	12	5	6	11	10	8	6	8	5	8	8	10	7	14	5	13	12	13	11	10	14	8	13	10	7	8	8	10	6	9	14	6	5	15	7	6	5	6	10	15	10	0	5	15	7	7	14	10	12	14	9	5	8	12	11	11	7	9	14	8	15	12
13	12	14	11	15	5	7	6	11	5	12	7	10	8	13	14	7	10	6	9	14	10	8	9	9	8	14	15	6	11	11	10	10	9	11	13	11	8	6	9	14	15	10	10	15	13	11	15	11	9	6	6	5	15	7	0	8	9	14	10	15	9	7	7	10	14	12	9	13	9	10	6	7	11	12
12	6	11	7	7	6	10	8	10	9	7	13	13	9	6	14	12	7	7	8	9	8	7	8	10	5	14	5	5	15	13	11	14	10	8	5	14	14	5	8	9	8	11	15	8	15	13	7	5	12	12	11	7	10	10	12	0	7	13	6	9	6	5	15	12	15	14	7	9	6	10	11	5	7	10
8	9	6	5	10	8	12	12	7	7	13	5	9	6	14	15	8	5	9	9	11	7	7	15	13	5	12	9	11	8	14	12	12	6	11	8	10	14	15	8	12	11	15	10	8	7	8	13	11	13	14	14	14	13	9	15	13	0	10	5	8	10	14	13	15	6	11	5	11	9	7	14	14	13	15
12	7	15	7	11	5	14	9	14	12	11	8	6	12	14	10	9	15	7	15	6	12	13	14	6	8	6	9	14	15	14	13	10	7	14	15	8	12	14	8	15	12	15	6	9	10	11	12	14	6	14	8	15	13	8	5	8	11	0	6	5	7	5	9	9	14	15	9	13	5	13	13	6	11	15
6	9	6	10	7	15	13	5	11	14	7	5	14	14	13	10	14	8	13	12	7	11	7	9	5	5	13	8	6	5	13	15	13	7	9	12	8	12	7	12	5	11	11	9	8	5	8	14	7	5	12	14	8	15	5	7	6	11	8	0	12	7	10	11	5	7	15	9	8	15	14	11	13	15	12
10	8	12	8	5	12	10	10	12	5	8	7	14	9	5	13	10	6	15	15	10	14	14	5	12	10	7	6	14	6	7	13	12	15	7	5	12	9	8	7	7	15	14	10	15	5	5	11	11	15	5	6	8	10	14	8	11	11	12	15	0	9	5	6	6	7	6	7	11	5	9	14	12	12	12
9	14	6	12	6	6	15	7	14	9	15	7	12	7	6	7	7	14	6	12	14	15	12	8	12	10	13	12	6	14	13	12	5	8	5	6	13	5	14	14	13	10	12	6	8	11	13	11	12	8	13	7	5	8	8	10	6	9	9	11	5	0	14	8	14	11	13	6	13	13	11	15	10	12	14
15	13	12	7	6	5	14	5	12	8	8	14	5	12	10	7	9	12	13	5	14	11	8	8	5	13	15	5	8	7	13	5	6	5	10	10	5	12	7	12	8	9	6	11	7	15	13	10	6	12	10	15	8	9	11	12	13	15	5	10	10	8	0	13	13	8	13	10	15	13	7	10	11	13	11
9	14	14	13	12	10	5	14	14	7	14	5	5	11	12	13	13	14	11	11	13	13	9	12	8	12	11	6	8	9	14	14	14	10	10	8	6	13	5	12	13	6	9	15	10	14	11	9	11	5	7	14	12	9	5	15	6	6	6	14	9	10	11	0	13	11	10	11	8	7	8	5	13	7	11
12	8	15	5	11	15	15	12	11	10	6	12	8	7	11	6	12	11	6	7	11	5	5	12	9	14	10	14	10	10	6	11	8	7	13	7	12	10	5	13	10	15	12	15	12	14	12	7	9	7	12	10	15	13	11	11	7	13	8	15	15	6	9	11	0	9	7	5	6	12	6	13	7	7	5
14	13	10	12	5	6	11	12	7	13	14	15	8	10	10	14	7	8	5	10	8	15	12	10	11	7	6	8	15	12	8	6	12	9	13	13	13	13	6	5	13	5	13	15	7	10	8	8	13	5	5	7	12	7	10	7	8	8	11	5	9	8	11	11	6	0	7	5	13	7	7	12	12	9	10
12	8	15	14	6	14	14	12	9	7	7	14	13	15	12	5	12	7	15	6	12	7	14	11	12	15	9	12	5	6	13	11	13	10	15	12	15	8	11	14	11	11	8	9	7	15	13	7	5	5	5	11	10	8	5	13	7	7	7	13	9	7	14	9	12	10	0	11	13	6	12	8	12	14	9
9	11	11	11	7	14	11	9	8	14	6	9	12	12	8	9	12	11	13	9	12	7	13	10	6	12	11	15	6	12	8	12	12	5	12	11	7	11	8	8	15	7	12	9	7	12	14	14	5	8	13	6	14	8	14	12	9	15	10	13	7	5	14	5	12	8	10	0	6	9	10	10	6	12	10
13	9	13	7	7	15	5	11	11	13	9	14	11	7	6	15	12	13	8	9	12	8	5	11	9	12	7	9	8	14	6	7	13	12	15	11	9	7	14	5	12	9	14	14	14	14	7	8	8	6	9	10	8	6	7	13	10	14	10	5	10	11	11	15	5	7	7	8	0	8	9	15	12	11	9
15	6	8	15	9	5	10	15	13	6	11	15	8	6	10	11	6	15	10	14	7	6	9	7	15	10	6	10	14	9	7	13	15	6	15	12	7	8	9	9	11	13	5	11	13	11	14	10	9	12	13	9	11	8	12	7	10	13	8	5	8	8	11	10	6	11	5	13	8	0	7	7	7	9	8
14	5	12	13	15	12	10	9	13	9	5	12	8	11	10	6	8	12	13	14	10	9	14	6	5	10	5	14	5	11	11	6	12	9	9	5	10	5	7	12	13	15	12	15	5	13	15	6	13	8	11	8	11	13	14	12	5	13	8	12	10	11	8	5	14	8	13	10	7	12	0	5	8	7	10
10	6	7	15	14	7	12	15	10	9	9	12	9	6	12	12	13	6	5	8	7	14	5	13	5	15	15	13	11	12	6	13	14	13	5	14	6	7	8	8	13	5	10	7	15	11	6	7	13	13	10	9	11	5	10	7	13	9	12	6	8	6	9	15	7	12	10	8	12	6	9	0	13	11	13
13	7	15	6	8	15	7	9	6	9	7	9	5	12	14	10	7	9	9	12	7	10	12	8	11	10	6	14	12	6	13	15	14	15	13	8	7	7	6	15	9	10	9	15	5	8	8	5	6	15	9	8	11	14	6	5	8	8	14	13	9	13	14	9	13	9	7	10	5	13	11	9	0	10	9
6	5	12	12	14	7	9	7	12	10	10	14	9	11	11	5	11	10	9	6	12	6	10	9	14	5	14	10	11	11	10	15	14	13	8	8	7	9	6	15	13	14	13	15	12	5	5	11	7	7	6	8	15	15	12	12	5	7	15	12	9	14	7	9	15	6	14	10	7	14	10	9	12	0	5
13	6	13	10	12	13	13	14	5	8	14	15	14	13	12	10	6	9	5	5	11	15	11	14	6	15	10	7	15	5	12	15	10	14	8	13	14	14	10	14	11	10	14	13	10	8	11	15	10	6	10	15	12	10	5	14	14	5	11	5	14	14	8	15	7	13	12	13	11	8	8	9	14	10	0
