75
1	 9	 -601	 -591	 2	 6
2	 25	 690	 713	 4	 8
3	 19	 768	 783	 1	 3
4	 19	 -510	 -501	 1	 5
5	 36	 1472	 1472	 2	 5
6	 20	 -23	 -16	 4	 5
7	 22	 1460	 1465	 1	 1
8	 12	 -777	 -762	 4	 4
9	 32	 -397	 -381	 8	 9
10	 6	 1215	 1216	 2	 2
11	 38	 1292	 1293	 1	 9
12	 20	 487	 493	 4	 7
13	 25	 -349	 -336	 1	 1
14	 27	 -198	 -194	 2	 8
15	 12	 1463	 1464	 1	 1
16	 39	 857	 867	 2	 5
17	 30	 -378	 -373	 1	 7
18	 23	 -388	 -381	 4	 8
19	 11	 1147	 1170	 8	 9
20	 40	 -771	 -763	 2	 3
21	 34	 767	 773	 1	 1
22	 40	 817	 818	 3	 3
23	 34	 485	 502	 4	 4
24	 15	 -536	 -533	 6	 9
25	 14	 -771	 -765	 1	 7
26	 13	 966	 989	 5	 5
27	 30	 794	 801	 1	 1
28	 8	 482	 484	 1	 8
29	 31	 -448	 -438	 3	 5
30	 22	 -365	 -363	 3	 3
31	 35	 -513	 -498	 1	 9
32	 17	 433	 449	 1	 1
33	 28	 -258	 -242	 1	 1
34	 21	 -669	 -647	 4	 8
35	 21	 1454	 1466	 1	 4
36	 35	 -514	 -503	 2	 10
37	 19	 730	 742	 1	 1
38	 29	 -732	 -711	 1	 5
39	 34	 424	 435	 4	 6
40	 36	 556	 562	 3	 5
41	 28	 707	 730	 8	 9
42	 17	 1147	 1149	 5	 8
43	 19	 1360	 1381	 6	 9
44	 35	 297	 312	 4	 9
45	 22	 306	 326	 1	 1
46	 15	 398	 404	 3	 6
47	 11	 706	 729	 1	 1
48	 12	 1215	 1216	 8	 10
49	 18	 -302	 -301	 4	 5
50	 30	 867	 881	 3	 10
51	 31	 1236	 1241	 2	 4
52	 22	 1085	 1096	 5	 6
53	 5	 1075	 1079	 1	 5
54	 29	 -276	 -274	 7	 8
55	 23	 -407	 -396	 7	 9
56	 27	 212	 219	 1	 1
57	 26	 -196	 -193	 1	 10
58	 14	 216	 239	 5	 7
59	 12	 -509	 -507	 2	 10
60	 32	 -668	 -664	 3	 3
61	 15	 165	 168	 5	 9
62	 34	 948	 971	 1	 8
63	 18	 1362	 1379	 5	 7
64	 13	 170	 191	 7	 10
65	 22	 130	 140	 2	 10
66	 37	 520	 540	 2	 9
67	 32	 111	 129	 5	 5
68	 38	 -313	 -306	 3	 6
69	 32	 -286	 -273	 4	 5
70	 20	 367	 376	 4	 9
71	 6	 393	 402	 5	 6
72	 26	 1242	 1257	 5	 6
73	 30	 -444	 -434	 2	 6
74	 6	 295	 296	 1	 3
75	 15	 -342	 -342	 3	 3
0	12	6	5	7	15	6	7	8	12	9	5	11	11	15	8	12	8	7	10	6	10	13	10	8	9	7	12	6	14	13	6	5	9	15	11	5	12	15	12	13	7	5	9	11	7	5	7	12	7	5	5	14	12	8	5	6	12	11	10	13	11	10	5	9	9	10	5	8	8	10	12	8	14	8
7	0	7	10	8	7	14	13	9	7	13	6	8	10	9	5	12	8	13	9	13	7	9	7	7	14	10	7	7	13	11	5	14	11	10	9	8	7	5	9	11	7	9	14	8	8	6	11	7	14	8	9	9	7	15	12	15	15	8	15	8	15	12	8	5	12	14	9	12	10	13	6	12	14	13
11	12	0	5	8	11	5	15	8	14	6	15	11	14	9	13	8	11	8	8	5	14	12	10	6	13	15	15	7	8	10	10	11	10	14	5	10	11	8	15	8	5	9	15	14	10	12	14	14	15	11	13	6	14	5	14	10	14	11	14	9	8	14	9	10	14	10	10	12	7	15	5	8	10	15
6	15	5	0	15	10	10	6	13	14	12	6	13	10	5	6	11	10	5	6	6	11	11	15	10	13	6	9	13	8	11	5	9	5	15	12	9	6	14	15	12	7	10	9	12	13	5	10	11	10	5	6	12	8	11	8	9	11	15	5	13	12	14	9	14	6	14	8	10	7	15	8	6	8	5
5	13	13	13	0	7	14	8	15	14	10	6	5	12	9	14	5	6	11	7	9	13	13	15	12	13	6	15	13	12	9	12	7	10	9	13	10	5	13	5	8	12	12	6	6	14	11	10	13	13	14	15	14	9	7	13	6	14	12	11	13	12	6	14	11	7	10	8	12	9	6	14	7	9	6
7	6	8	13	11	0	11	9	12	13	6	14	5	5	8	12	11	14	9	6	7	15	14	10	15	12	9	14	14	9	6	5	6	15	7	14	8	6	14	8	7	14	11	5	14	12	5	11	10	6	9	9	7	13	10	12	12	13	9	5	6	13	9	6	7	14	5	15	6	7	12	13	5	9	5
12	12	7	15	8	12	0	8	7	10	5	11	15	8	5	12	6	12	5	10	14	14	15	14	7	5	14	9	11	10	15	11	12	10	7	14	13	8	14	13	13	7	14	9	14	13	13	13	12	6	5	15	9	6	8	10	8	7	15	10	6	15	9	10	6	8	12	5	12	10	14	12	14	10	11
10	5	12	14	7	8	5	0	8	13	15	15	7	15	7	12	10	14	9	11	6	12	13	14	10	7	6	9	14	8	9	5	8	8	12	9	13	8	6	13	9	11	8	5	5	15	14	6	15	11	12	7	5	13	13	15	10	8	15	7	8	6	12	8	11	11	14	6	15	13	8	15	15	6	13
8	10	12	10	9	10	15	12	0	11	7	8	5	8	14	11	6	5	10	7	9	15	9	10	11	15	7	15	8	14	10	5	15	12	9	12	7	15	8	14	14	12	8	5	8	11	7	9	11	8	5	6	9	9	5	12	5	8	8	14	12	5	11	6	13	7	11	8	13	8	14	14	6	13	7
5	13	11	10	13	10	7	11	5	0	12	7	8	15	10	14	6	11	12	13	10	13	10	8	12	14	9	8	12	13	15	8	7	9	7	10	12	8	10	14	5	8	15	15	14	12	7	5	5	9	15	9	5	12	9	11	9	10	9	9	12	6	15	10	8	9	5	5	7	13	5	6	8	7	7
10	5	11	5	8	9	13	5	9	14	0	10	10	10	9	9	7	12	5	15	12	8	11	14	8	6	9	14	13	11	10	14	14	8	5	15	15	8	6	8	9	9	12	13	12	7	9	12	13	13	13	14	15	10	5	10	7	6	12	9	8	12	15	15	6	13	7	12	5	7	13	9	14	9	10
15	13	6	11	11	13	7	5	5	13	7	0	6	13	12	7	9	10	6	9	6	11	11	10	10	7	5	8	11	14	9	8	8	13	9	9	12	12	14	6	13	12	12	15	14	7	5	9	11	10	9	11	13	12	11	15	7	6	11	15	11	7	9	5	13	12	8	11	8	10	14	13	9	10	6
6	14	15	11	12	7	10	11	6	10	8	13	0	8	13	11	6	7	10	12	7	13	15	10	6	7	7	11	6	9	7	7	6	6	12	7	10	15	15	5	15	14	8	9	9	13	5	13	6	8	14	6	13	7	5	15	9	6	9	14	14	11	7	14	11	10	6	13	7	5	12	10	10	12	15
8	12	8	13	9	7	12	10	11	14	5	15	6	0	13	7	13	15	7	15	9	7	5	11	5	8	10	8	15	11	5	11	11	12	15	15	12	13	10	15	12	9	7	11	13	7	8	13	14	6	11	5	11	13	10	6	11	14	15	7	13	11	11	14	10	11	12	14	13	12	12	13	14	14	14
7	14	12	9	13	12	9	15	10	10	5	12	12	14	0	11	12	12	7	11	10	14	8	15	7	13	8	10	15	9	14	6	6	12	11	8	11	13	7	13	7	7	11	15	11	14	15	15	6	13	15	6	12	12	5	11	12	6	15	9	9	11	12	6	7	7	6	8	12	9	11	13	13	12	5
10	5	15	15	9	10	10	8	9	12	10	11	9	5	13	0	11	13	9	14	11	6	10	5	11	10	12	15	8	12	15	5	5	6	5	9	15	12	11	14	15	15	14	15	9	12	15	7	11	7	12	15	13	7	13	11	11	15	9	8	10	12	8	7	13	9	13	12	6	15	7	14	14	7	7
15	9	15	7	5	5	15	5	8	7	12	5	8	12	7	10	0	14	14	11	5	12	7	13	12	14	12	12	14	14	8	13	10	14	9	9	5	11	10	7	6	11	15	7	10	11	8	10	15	9	9	12	5	5	13	12	13	6	12	14	7	11	11	9	10	12	13	15	7	15	11	10	15	12	5
15	11	14	7	15	7	7	12	7	11	7	14	13	12	14	11	15	0	12	7	7	13	9	9	8	10	5	5	5	14	7	13	15	14	8	7	6	15	8	9	14	9	11	14	15	13	7	13	7	7	15	15	15	15	8	9	8	14	14	5	5	9	9	9	9	12	13	10	7	6	5	9	13	12	11
7	10	14	12	8	12	9	9	10	15	5	6	7	10	7	8	15	9	0	14	7	12	7	6	6	7	13	10	15	9	14	14	14	6	5	7	14	9	6	15	13	15	10	5	11	8	9	11	8	14	15	6	6	14	14	12	11	5	14	7	7	9	7	5	8	11	6	10	5	5	13	11	8	15	7
7	9	13	7	5	7	14	6	6	12	15	12	6	7	7	5	13	13	6	0	5	6	8	7	13	14	8	7	11	6	8	11	5	15	8	10	14	7	6	13	8	7	10	14	5	7	9	12	9	9	5	6	11	10	13	15	15	11	10	13	7	10	14	10	12	9	8	6	10	14	14	12	15	15	9
11	11	8	5	7	8	15	15	6	13	6	5	10	11	11	5	11	15	13	9	0	14	10	5	12	10	9	7	7	13	7	15	5	7	15	7	12	13	13	14	10	11	11	9	7	10	10	13	12	15	9	10	5	14	14	12	5	10	13	6	6	5	14	10	7	10	10	5	13	15	7	10	10	7	7
10	9	10	5	6	7	6	11	14	11	13	13	5	12	6	10	8	12	13	15	5	0	14	13	9	8	11	14	11	7	14	6	8	9	11	9	11	6	14	5	11	15	14	8	5	9	7	5	12	11	8	10	14	14	8	11	6	5	15	12	10	12	15	13	9	7	14	14	5	10	5	7	5	8	8
14	6	14	12	11	10	8	6	15	11	9	7	5	14	12	5	11	10	7	13	13	5	0	11	14	13	6	8	10	5	7	14	8	15	10	9	12	9	7	12	15	15	12	14	11	14	13	6	15	13	12	5	7	11	12	14	6	9	8	15	12	12	15	12	8	13	5	12	5	8	10	8	8	10	12
15	13	10	7	10	8	9	8	7	6	8	11	6	11	13	11	12	12	10	6	13	7	12	0	8	14	10	15	5	5	12	5	12	8	15	7	13	8	5	6	7	14	14	15	14	10	7	5	13	12	7	14	11	6	12	10	5	15	11	11	6	9	10	5	7	9	8	14	6	14	10	14	12	14	9
15	11	15	10	9	8	13	5	11	5	13	15	9	13	6	12	14	15	14	7	6	12	15	5	0	11	8	7	13	10	7	9	10	14	14	9	12	12	5	8	10	5	14	11	6	8	14	5	14	14	6	11	9	11	13	7	5	10	14	12	10	14	10	8	14	11	14	10	9	8	14	6	5	13	9
11	15	15	5	7	6	10	7	9	9	8	7	15	13	14	7	14	5	11	9	11	13	8	5	6	0	11	10	8	6	14	10	5	8	9	12	9	10	10	6	7	5	9	10	15	14	9	5	5	8	6	14	9	9	7	12	11	11	7	5	14	8	5	12	9	10	11	6	13	10	9	8	12	15	11
8	5	13	9	11	14	5	11	5	12	8	6	5	6	10	13	7	6	8	6	12	11	14	6	15	8	0	7	7	13	13	8	8	12	14	12	15	9	5	9	9	9	13	8	6	8	13	6	7	13	11	15	6	11	10	15	14	13	9	12	14	13	6	13	14	9	9	11	12	14	7	6	9	7	9
14	10	9	15	6	10	14	5	10	8	5	15	6	12	12	10	15	5	11	13	10	14	6	15	7	9	5	0	7	5	13	6	6	11	13	14	11	13	13	5	13	9	13	7	13	13	13	11	14	5	6	6	13	6	8	10	6	5	14	8	8	5	9	11	9	10	15	15	13	12	9	6	7	15	14
12	6	8	6	9	15	9	13	14	12	14	9	12	10	13	13	14	6	14	9	12	9	15	5	12	12	8	11	0	11	13	15	8	9	7	15	9	7	13	9	8	8	12	12	7	6	15	9	6	13	15	13	5	8	12	12	12	12	5	5	12	13	12	15	6	5	15	9	15	6	15	5	8	5	5
7	14	11	6	13	14	14	6	10	10	7	12	9	9	14	9	7	14	13	5	15	10	10	15	7	9	5	5	15	0	6	14	15	8	12	5	9	10	11	15	9	11	9	6	10	7	15	15	12	5	9	6	11	8	8	6	6	10	13	9	7	13	6	7	13	7	5	12	14	10	5	15	5	5	8
10	7	11	9	12	8	9	5	11	13	13	7	7	13	7	13	13	13	7	11	7	7	6	13	9	9	12	9	6	15	0	9	8	10	14	13	13	8	11	13	6	13	11	5	13	8	8	14	10	6	12	7	12	12	11	13	11	8	8	5	8	8	6	5	12	9	9	12	12	12	10	15	6	6	15
10	14	6	11	12	15	5	9	13	5	10	7	9	13	9	14	9	5	10	14	5	10	9	9	5	11	15	14	15	10	14	0	11	9	9	13	11	6	12	13	5	11	5	10	11	5	13	13	15	11	8	7	15	7	9	9	14	14	15	10	9	14	6	12	10	5	14	12	7	10	10	15	5	6	6
15	12	8	15	9	7	15	12	10	14	7	10	9	14	7	15	15	12	15	12	13	5	5	7	15	14	12	10	8	13	8	12	0	7	5	13	7	14	12	7	8	8	9	7	14	8	14	7	7	13	12	10	15	15	10	9	9	11	11	12	15	9	9	8	5	11	12	6	8	14	8	10	13	13	12
8	13	10	8	15	10	6	7	12	5	5	5	11	10	15	7	12	15	5	12	11	10	7	15	13	7	15	14	15	12	5	5	7	0	9	10	5	14	15	15	7	12	15	10	6	5	6	15	8	12	6	14	5	13	7	15	8	6	5	9	13	15	8	7	8	14	11	13	8	12	15	8	14	12	8
12	7	8	14	7	15	6	6	8	12	5	14	14	6	6	7	8	15	8	15	12	9	6	10	13	9	11	9	8	15	11	12	14	14	0	9	13	14	10	9	9	12	13	8	14	12	10	13	13	9	13	10	6	14	9	11	11	14	5	7	13	8	8	11	9	13	6	13	12	5	12	11	5	15	5
10	14	13	11	14	15	15	13	6	14	7	14	12	14	15	11	15	5	15	9	15	13	11	12	10	14	13	12	9	15	6	8	10	12	11	0	14	11	6	9	13	5	9	5	8	7	14	12	12	11	7	11	12	5	15	15	11	14	13	10	13	9	5	11	7	7	13	13	6	5	9	14	12	7	12
9	9	15	11	13	5	5	14	8	13	5	8	13	14	9	13	7	8	12	15	7	6	14	5	7	8	10	15	8	15	15	11	12	15	14	5	0	9	8	14	7	7	7	11	7	12	5	7	13	6	8	6	6	9	6	15	10	14	14	6	5	8	9	6	12	5	13	15	9	11	11	12	12	7	14
5	5	13	15	10	15	8	5	15	11	12	12	12	12	13	11	11	14	12	10	11	9	10	15	13	13	6	5	5	9	6	15	9	5	13	10	13	0	5	6	5	12	7	10	10	14	11	6	10	7	5	13	11	13	14	12	5	11	15	8	5	13	7	5	11	6	13	15	8	11	11	10	11	8	15
14	11	14	8	11	7	13	13	13	6	10	6	12	15	15	14	7	7	7	14	12	5	5	8	8	13	13	7	14	14	11	7	14	9	11	15	10	7	0	15	8	11	8	5	11	9	9	6	12	8	6	13	14	6	9	14	6	5	13	8	12	12	11	6	9	15	5	12	10	6	6	14	9	9	5
12	11	11	15	10	15	8	14	11	9	8	7	6	13	11	10	12	15	7	15	8	5	11	5	10	12	15	14	15	8	14	9	5	13	6	15	10	9	15	0	15	5	11	14	13	11	5	10	12	12	13	6	5	5	5	7	14	5	13	11	15	10	6	6	11	13	13	8	5	13	13	7	11	13	15
6	11	6	9	11	7	9	8	9	7	11	6	12	15	5	8	11	5	11	5	13	5	15	13	9	14	13	5	9	13	13	5	10	9	7	6	8	5	8	12	0	5	5	8	15	10	6	10	9	7	11	9	5	9	12	12	6	5	12	8	10	5	12	12	13	10	13	13	8	15	10	13	13	13	6
7	14	14	10	13	5	5	10	15	11	12	11	9	13	11	12	9	15	15	15	7	8	12	15	10	7	7	11	5	9	14	14	14	6	13	13	10	6	14	14	6	0	11	10	5	6	15	7	9	13	10	11	7	14	7	10	13	11	13	7	14	11	11	8	10	8	5	9	6	13	5	5	5	8	13
9	9	9	14	6	5	5	14	12	10	11	8	13	7	13	13	10	10	7	12	13	5	6	8	13	11	7	7	13	7	12	6	12	7	9	6	9	5	6	12	12	8	0	10	14	15	8	10	7	6	13	12	15	9	7	13	13	12	9	6	8	9	7	15	14	15	6	14	7	12	14	8	14	10	5
6	14	8	14	10	5	11	6	10	10	15	5	7	5	11	15	9	11	12	11	15	9	15	9	14	14	9	10	7	8	11	12	14	5	8	12	5	7	14	14	11	10	10	0	15	13	10	11	15	8	10	5	10	10	10	7	10	5	8	14	8	11	8	6	6	14	15	7	5	14	8	12	8	6	6
6	7	9	6	14	12	14	11	15	6	6	12	8	13	11	10	6	7	9	15	5	15	7	11	12	13	13	11	14	8	14	6	11	6	11	12	8	14	8	6	13	12	15	7	0	7	10	12	8	14	13	14	9	15	6	7	12	5	8	5	8	5	8	10	12	6	12	10	8	8	12	11	13	15	6
15	14	5	5	13	6	5	12	5	14	7	11	14	8	15	12	12	8	9	10	7	15	14	7	9	13	10	7	13	7	13	13	11	14	15	14	5	10	5	11	8	9	11	7	5	0	8	15	11	10	5	9	12	14	14	15	7	13	10	11	15	8	6	14	8	6	8	9	15	10	14	15	12	9	10
10	10	12	6	11	11	6	5	7	13	12	14	14	11	5	5	9	10	8	7	10	12	11	6	13	13	14	12	13	10	13	14	9	11	13	10	15	10	13	5	12	12	13	10	5	7	0	8	12	9	9	5	7	11	12	13	6	11	8	14	15	9	5	5	15	13	11	13	8	12	13	9	10	13	9
13	12	10	11	7	12	12	14	6	13	5	7	10	13	7	12	5	13	10	15	11	10	15	15	6	7	11	11	7	11	14	14	11	12	9	11	8	12	5	12	11	5	13	11	15	7	10	0	8	10	6	15	14	10	7	7	6	7	10	8	14	8	7	8	15	12	7	7	9	9	6	15	15	6	10
11	11	9	15	7	13	5	6	12	10	11	7	9	6	12	9	11	9	13	9	5	8	13	14	12	6	11	10	13	14	7	14	11	7	8	6	13	13	6	10	11	8	15	14	10	15	9	7	0	13	14	6	5	10	7	14	10	5	9	11	7	14	6	15	6	8	6	5	15	6	5	12	7	12	11
9	11	5	7	13	15	5	8	13	13	7	10	14	9	12	5	8	8	14	9	6	13	15	7	7	11	14	15	8	15	15	5	9	12	8	9	10	10	7	8	12	15	11	6	11	7	11	5	14	0	10	8	7	13	5	11	7	6	5	9	13	9	13	11	12	11	12	5	6	9	12	15	15	15	9
8	14	10	12	6	14	5	14	12	9	11	11	13	8	6	10	7	7	13	8	9	12	9	5	14	12	11	11	14	12	12	7	14	7	13	11	6	8	11	13	8	5	12	12	6	12	7	11	11	12	0	13	9	5	5	9	11	9	8	13	12	10	7	11	9	9	15	11	10	10	9	11	10	14	9
12	15	7	13	9	7	5	15	8	13	10	6	6	10	7	10	7	10	8	9	11	8	7	7	9	7	15	9	8	9	7	15	11	12	15	7	10	5	6	9	7	6	11	13	8	8	5	8	15	10	8	0	15	9	9	11	9	6	13	8	9	5	9	11	7	5	8	6	7	8	8	6	6	5	14
10	10	15	9	12	8	13	8	14	13	13	9	5	12	14	8	15	6	13	10	13	14	8	6	14	6	8	8	10	9	11	8	8	13	14	15	13	10	7	6	15	5	10	12	9	12	12	6	6	6	13	7	0	6	9	11	12	14	12	6	9	13	13	7	14	5	5	13	6	5	9	6	8	15	6
8	5	11	12	8	11	14	8	12	6	12	14	5	6	7	15	5	8	13	15	9	13	13	8	9	7	8	12	13	15	14	9	7	9	7	7	5	14	5	15	7	10	8	9	9	8	15	11	15	6	10	12	14	0	12	10	13	10	5	5	8	9	6	14	10	11	14	8	8	11	10	6	10	7	15
13	11	12	14	8	10	8	10	15	15	12	12	11	12	6	12	15	14	12	7	5	13	10	12	10	14	12	5	15	13	15	11	5	10	8	7	6	11	11	5	10	8	14	11	12	12	11	7	7	7	9	12	13	10	0	14	6	8	9	11	8	5	5	7	12	12	11	5	7	10	7	5	14	5	5
10	10	13	6	7	13	8	7	6	15	7	8	13	10	8	12	8	15	10	8	6	15	8	10	10	14	11	6	14	7	10	11	8	12	5	5	5	12	11	14	9	7	5	15	5	5	14	12	7	15	13	15	8	14	6	0	13	13	6	10	11	9	11	8	10	6	14	9	9	7	12	5	8	12	8
7	6	13	8	6	13	9	12	13	9	6	15	7	10	12	5	15	14	6	6	9	7	15	9	12	12	6	13	6	13	7	13	5	15	10	12	9	6	6	12	14	12	6	14	7	5	14	7	13	13	12	13	11	13	11	9	0	14	6	5	15	13	10	6	14	13	10	15	5	12	10	7	14	13	6
11	8	14	7	9	11	7	8	8	5	13	8	13	6	11	6	9	15	10	5	7	10	5	6	10	8	5	13	10	15	7	14	14	11	14	11	15	9	12	10	13	9	12	8	5	10	14	10	14	12	7	13	8	8	7	7	7	0	13	13	9	13	14	5	6	5	12	9	11	5	15	6	10	13	8
8	15	8	12	11	14	10	6	10	14	7	11	10	6	11	12	7	15	8	7	13	15	12	6	14	7	9	13	6	10	12	8	13	11	7	8	5	6	14	12	15	5	9	7	6	13	6	10	8	5	5	11	7	5	8	7	13	5	0	8	13	14	8	11	14	5	12	12	14	13	9	10	5	12	11
8	8	15	13	6	6	15	6	13	5	15	15	5	14	5	12	8	8	5	5	15	10	11	8	10	5	8	7	14	6	12	6	8	13	15	12	12	12	8	15	15	14	7	10	13	9	14	6	5	10	15	15	11	9	15	8	12	14	11	0	14	12	13	12	10	5	5	5	5	5	7	9	6	12	13
12	9	9	7	8	12	6	11	9	10	13	12	8	5	14	11	12	5	6	11	8	10	6	8	6	10	13	5	15	14	10	15	8	10	11	11	10	12	9	13	10	6	14	10	12	15	14	15	12	7	11	7	13	14	9	14	6	7	12	11	0	7	14	9	8	9	11	5	10	6	11	6	9	11	8
13	13	8	14	8	10	10	5	6	5	6	5	7	5	13	9	12	6	5	6	6	7	12	10	15	13	15	15	15	7	8	13	12	13	12	6	5	5	14	14	8	14	10	13	8	6	10	9	15	5	10	8	10	15	13	9	6	6	7	10	13	0	14	7	7	6	6	14	12	13	11	9	13	5	10
9	7	7	15	11	14	8	12	8	7	15	11	12	11	13	6	6	11	14	15	14	9	15	9	13	14	13	12	11	15	8	7	5	12	11	13	13	13	12	15	9	8	6	13	15	15	9	6	14	11	13	5	8	15	14	13	12	15	5	13	9	12	0	12	15	11	6	12	13	14	10	8	5	6	15
8	5	11	8	8	8	8	13	5	14	10	10	5	13	10	13	7	15	8	6	7	11	7	13	12	10	7	7	13	14	9	15	7	5	14	7	7	15	13	12	15	11	9	9	14	7	8	6	8	11	8	5	14	12	5	10	10	6	11	7	8	15	7	0	10	6	7	6	11	11	5	11	10	10	15
11	7	10	13	5	5	6	10	12	8	6	6	8	6	7	13	15	5	5	15	6	8	13	9	13	14	7	5	8	15	15	9	7	14	10	7	11	14	7	6	15	11	7	13	5	14	7	9	11	7	14	8	7	15	15	11	6	14	8	10	11	9	8	13	0	5	5	14	12	12	6	13	5	10	7
10	8	14	6	11	13	15	13	10	11	13	7	8	15	9	7	14	10	5	10	11	6	10	8	13	8	9	14	6	13	10	12	10	7	9	5	13	8	5	10	15	13	7	15	6	5	10	11	13	13	8	7	13	8	13	11	12	9	5	8	14	10	12	11	14	0	14	8	6	15	13	6	7	5	14
8	11	5	6	10	6	5	12	14	12	7	5	12	9	13	12	12	7	13	9	12	8	13	14	7	8	11	12	14	12	13	9	6	14	13	8	13	8	5	11	12	14	9	12	7	7	8	10	8	8	15	15	10	15	15	12	14	9	11	11	6	14	9	9	15	6	0	9	7	5	13	13	8	7	7
6	9	5	15	13	7	8	11	5	9	5	10	8	14	13	14	7	11	8	7	14	6	8	5	12	5	8	10	14	11	5	6	8	8	11	8	15	14	15	15	5	15	8	8	9	12	5	14	8	15	9	10	10	11	6	11	11	7	9	7	13	11	5	9	8	11	9	0	8	13	15	9	5	7	13
14	15	9	8	8	6	10	11	9	11	14	8	11	10	12	7	9	8	9	5	10	10	13	15	10	10	14	15	7	9	8	15	13	12	5	15	12	10	9	11	7	5	11	8	8	7	11	11	9	11	13	12	11	7	14	8	12	8	14	8	15	8	9	9	11	13	5	14	0	14	8	13	5	6	14
9	7	15	12	6	7	12	6	6	6	14	15	15	12	9	8	8	9	10	7	8	14	9	14	14	9	5	13	11	6	6	9	15	15	6	8	10	6	12	11	14	15	6	10	10	13	11	10	5	8	7	10	14	7	13	9	12	14	13	15	14	11	11	6	13	5	6	11	13	0	5	7	14	12	10
13	15	13	13	9	10	9	10	8	6	15	6	9	12	15	8	13	14	11	12	14	12	12	7	9	9	15	15	8	6	7	13	15	13	8	6	10	8	7	14	12	6	10	6	8	10	11	7	15	7	14	7	5	11	9	6	7	5	15	6	10	9	14	14	14	11	14	11	9	7	0	8	7	7	10
6	10	6	11	6	14	13	14	14	7	14	10	8	12	5	13	15	11	10	12	11	11	12	15	11	15	11	14	11	9	8	6	13	11	11	14	14	10	12	7	8	13	5	10	15	8	12	13	6	10	11	12	15	13	7	15	8	6	13	14	6	8	8	12	13	8	5	8	15	12	13	0	9	5	7
8	8	7	14	8	10	11	6	15	7	15	8	10	6	10	5	14	11	14	14	12	15	6	14	9	12	14	13	8	7	13	10	13	13	11	12	13	13	5	9	11	9	6	13	14	11	7	7	11	10	11	14	7	6	15	5	8	13	11	6	15	11	12	14	11	5	15	12	8	15	15	6	0	5	8
6	10	8	7	7	9	5	12	9	12	9	11	11	9	10	9	8	13	13	6	5	8	11	13	11	7	6	14	10	11	7	13	7	12	15	8	13	14	14	6	14	7	14	11	6	12	14	9	9	10	6	15	12	14	7	15	12	13	9	15	5	13	13	7	7	14	8	13	8	7	5	15	8	0	12
5	10	9	9	9	11	6	13	7	6	13	11	11	10	15	5	10	6	6	14	7	10	6	7	14	8	6	12	6	13	6	5	15	14	10	7	7	13	9	7	5	12	11	15	15	14	5	8	7	10	7	11	14	15	5	12	8	15	11	7	6	14	5	8	5	15	9	5	5	12	14	5	5	12	0
