75
1	 24	 956	 961	 4	 7
2	 9	 589	 607	 1	 5
3	 36	 646	 660	 1	 2
4	 39	 749	 764	 2	 4
5	 17	 552	 552	 1	 1
6	 25	 824	 828	 1	 5
7	 29	 870	 882	 3	 6
8	 12	 592	 602	 7	 10
9	 16	 628	 647	 6	 7
10	 27	 731	 753	 2	 2
11	 33	 957	 958	 4	 8
12	 15	 659	 681	 3	 10
13	 9	 1090	 1105	 10	 10
14	 11	 818	 835	 2	 2
15	 35	 625	 645	 2	 9
16	 22	 812	 832	 9	 10
17	 6	 911	 919	 3	 3
18	 32	 865	 880	 2	 6
19	 7	 628	 643	 1	 4
20	 37	 696	 702	 1	 2
21	 22	 609	 619	 2	 2
22	 10	 1169	 1171	 6	 9
23	 13	 879	 888	 6	 6
24	 24	 938	 954	 2	 4
25	 10	 1123	 1144	 3	 6
26	 33	 699	 716	 3	 4
27	 39	 958	 960	 3	 9
28	 27	 617	 627	 1	 2
29	 32	 701	 717	 2	 6
30	 25	 577	 577	 1	 2
31	 33	 602	 618	 3	 3
32	 15	 826	 836	 2	 2
33	 19	 1054	 1068	 1	 1
34	 21	 845	 856	 4	 6
35	 33	 544	 566	 7	 9
36	 24	 641	 642	 5	 8
37	 11	 621	 622	 8	 10
38	 17	 673	 676	 8	 9
39	 40	 1177	 1189	 1	 1
40	 20	 1091	 1098	 2	 8
41	 18	 735	 745	 2	 2
42	 11	 925	 929	 3	 3
43	 8	 695	 716	 4	 4
44	 37	 684	 699	 7	 9
45	 23	 812	 827	 3	 7
46	 36	 607	 617	 1	 1
47	 7	 791	 794	 4	 8
48	 9	 763	 781	 1	 4
49	 23	 836	 839	 4	 8
50	 35	 1130	 1149	 2	 2
51	 10	 943	 945	 1	 10
52	 9	 1019	 1027	 8	 10
53	 32	 781	 784	 3	 5
54	 9	 1151	 1168	 2	 4
55	 37	 551	 557	 4	 8
56	 16	 875	 885	 1	 5
57	 39	 971	 988	 1	 1
58	 28	 1098	 1117	 1	 2
59	 19	 958	 975	 3	 8
60	 30	 1155	 1170	 4	 5
61	 38	 729	 741	 5	 5
62	 5	 620	 632	 1	 3
63	 25	 1130	 1152	 2	 3
64	 6	 561	 573	 2	 2
65	 39	 1099	 1113	 7	 7
66	 36	 733	 752	 7	 8
67	 32	 1120	 1126	 5	 7
68	 12	 958	 979	 4	 9
69	 20	 831	 844	 3	 5
70	 23	 841	 856	 1	 5
71	 27	 783	 795	 9	 10
72	 18	 1176	 1197	 2	 9
73	 34	 859	 874	 4	 9
74	 6	 574	 576	 3	 9
75	 30	 963	 975	 1	 1
0	12	10	8	8	7	14	7	9	8	6	5	15	8	13	9	14	7	8	7	12	5	12	11	10	5	14	12	5	12	8	12	6	6	8	8	6	12	13	12	8	12	11	6	10	10	8	15	10	13	13	15	6	8	12	5	7	14	13	10	8	15	5	14	8	12	6	5	13	12	10	15	13	14	7
14	0	15	8	11	6	8	12	13	5	6	8	5	8	5	6	13	7	13	6	13	10	6	12	14	15	15	8	6	9	8	10	7	12	12	14	6	10	13	6	12	7	10	9	8	13	8	11	13	5	7	10	9	9	5	5	5	13	12	8	5	9	6	15	8	13	13	11	12	6	10	7	11	12	13
5	15	0	7	10	12	15	8	14	12	10	11	11	9	14	15	14	7	10	5	8	13	9	5	7	14	7	9	13	8	7	15	11	7	6	10	5	9	8	6	10	8	7	10	15	6	7	7	12	8	14	7	9	7	11	13	13	10	14	15	13	7	10	9	10	14	8	13	15	11	5	5	10	11	12
7	12	12	0	10	12	12	5	11	12	6	8	9	6	12	7	10	13	5	10	11	10	15	9	9	14	5	10	7	11	7	11	10	14	15	12	13	15	11	9	11	8	14	15	6	7	8	8	10	9	12	14	6	11	12	15	13	5	6	12	6	9	7	5	15	12	5	6	7	12	6	6	7	5	8
11	9	6	14	0	9	6	8	7	9	14	6	11	11	7	6	13	8	5	13	10	11	11	10	5	12	11	5	10	5	12	13	7	15	6	14	5	6	8	5	8	8	12	6	11	11	11	7	13	8	11	12	15	7	6	7	9	12	8	6	15	11	8	14	14	6	14	12	12	5	15	11	15	10	13
6	14	7	5	9	0	14	11	13	5	6	6	7	12	10	13	5	11	7	6	8	11	5	5	10	7	10	13	9	11	15	6	14	9	12	7	11	10	12	11	11	11	7	14	8	12	10	9	7	11	14	11	10	7	7	13	8	9	15	7	8	14	12	8	11	6	14	9	8	6	14	8	11	5	5
9	7	11	7	6	14	0	6	11	5	15	13	5	15	9	14	8	6	7	13	6	10	15	14	12	6	11	5	5	6	8	10	7	8	10	9	7	7	10	13	5	14	9	11	11	8	13	14	5	10	10	7	10	13	11	11	6	11	11	12	6	9	11	8	8	15	8	11	15	6	10	5	15	7	12
14	13	12	12	12	15	6	0	10	11	6	5	11	13	11	8	11	13	6	5	14	9	8	6	13	13	10	10	13	14	13	10	14	12	11	12	8	8	5	13	14	6	9	5	5	7	11	8	7	15	8	13	15	12	11	13	13	12	13	7	6	7	10	13	13	6	8	14	9	7	12	14	14	10	6
9	9	7	5	10	14	9	12	0	5	11	6	7	10	9	13	5	8	13	14	6	6	13	14	11	5	8	15	10	13	11	12	14	7	11	5	12	5	11	10	10	7	12	8	9	8	9	12	11	12	14	7	10	8	13	7	13	8	5	14	15	11	9	9	7	7	11	15	10	6	11	8	10	6	12
6	6	5	15	11	6	11	9	14	0	15	8	5	6	12	13	15	12	14	10	9	13	14	10	9	13	15	7	7	11	14	13	9	7	8	14	12	6	13	5	5	15	12	13	6	8	15	7	14	14	9	5	11	12	7	13	10	15	6	5	8	10	9	7	15	9	8	14	13	5	10	9	9	8	8
15	13	14	14	15	5	15	6	6	13	0	14	10	10	15	10	10	9	9	6	8	7	11	10	8	10	7	13	9	5	7	12	13	9	10	13	10	12	14	7	9	11	7	7	9	7	7	15	11	8	13	5	5	5	8	9	6	11	13	7	6	8	11	13	6	5	10	8	13	14	7	11	7	10	15
15	15	11	9	10	13	11	10	13	5	5	0	13	6	8	9	13	5	5	11	12	12	14	13	14	10	12	15	10	14	15	6	12	9	6	5	9	13	11	9	11	10	13	11	9	14	15	14	8	11	5	15	10	13	10	11	11	9	13	7	9	6	15	6	7	10	10	11	11	12	11	7	8	14	5
10	5	11	12	14	7	11	6	6	10	7	12	0	5	9	14	8	9	11	11	11	9	6	14	11	10	8	12	11	5	12	14	10	12	6	7	7	7	15	13	12	15	15	15	14	8	13	5	5	6	10	12	12	7	9	11	11	10	7	14	9	6	11	9	9	8	7	11	8	15	15	6	15	9	8
12	7	8	12	8	13	6	15	15	5	12	12	10	0	5	15	15	15	15	13	13	12	5	8	7	5	11	6	11	8	8	12	6	13	8	15	8	7	7	12	5	14	6	9	12	12	13	9	8	6	13	9	13	14	6	8	13	14	11	5	6	8	7	12	8	15	9	8	7	12	5	5	6	13	9
10	12	14	7	8	12	7	8	14	14	7	14	6	9	0	9	10	14	6	5	6	5	15	6	13	13	15	9	8	11	11	9	12	6	8	8	7	9	7	5	14	14	10	13	9	8	8	5	13	5	6	8	8	6	9	11	14	13	15	9	8	11	5	5	10	8	9	12	7	9	6	12	7	14	5
6	7	10	5	12	14	11	11	7	7	8	6	9	13	13	0	15	13	13	5	7	5	12	11	9	8	15	13	5	6	9	6	12	11	13	13	13	12	13	13	9	12	12	11	7	9	5	14	7	14	6	5	7	6	5	5	11	6	12	9	5	14	7	8	5	8	15	8	11	12	5	15	8	8	13
14	14	10	13	9	10	12	7	5	5	12	12	13	7	5	10	0	11	5	8	12	6	10	9	14	12	15	6	8	15	6	12	8	12	8	8	7	5	6	10	8	8	11	5	8	12	15	13	13	5	8	9	11	11	12	11	5	13	12	10	15	11	5	7	13	6	8	7	14	8	9	6	15	6	8
5	9	6	15	14	7	6	11	6	9	11	9	12	14	8	7	11	0	11	15	8	11	12	14	10	9	14	5	10	5	8	6	15	9	6	8	5	6	10	6	14	7	6	9	12	15	9	7	5	10	10	15	10	9	13	14	11	7	7	13	8	10	5	5	5	9	6	8	10	5	8	10	15	8	9
13	13	9	12	9	9	12	13	7	9	14	7	9	5	7	7	7	11	0	9	14	10	9	11	15	5	15	6	6	7	15	11	12	8	12	7	6	6	10	5	12	8	10	11	12	14	15	10	14	5	15	14	13	9	8	9	14	9	9	8	15	6	5	5	14	6	11	6	10	6	14	6	12	8	11
5	6	11	15	5	11	15	5	10	6	11	7	8	9	6	7	14	15	15	0	7	11	12	15	11	14	11	15	13	11	11	12	5	9	14	5	13	10	14	8	5	11	12	5	6	12	14	5	6	10	14	8	11	6	6	8	12	7	7	10	5	9	15	5	6	9	13	12	13	13	15	15	15	5	6
14	15	11	13	10	9	7	13	11	14	9	11	7	6	7	15	10	15	11	15	0	5	9	13	8	8	14	7	12	14	8	9	9	13	11	15	6	15	10	10	13	13	15	6	11	14	8	5	13	10	12	7	11	9	9	11	9	11	13	11	10	11	15	13	11	11	15	8	13	9	10	13	11	5	5
11	11	14	11	5	8	15	15	9	8	6	7	6	11	15	15	13	15	14	7	7	0	5	13	15	10	11	9	5	6	12	13	9	5	10	13	6	13	11	15	8	13	14	12	5	6	14	14	7	5	12	14	11	15	6	10	7	8	13	11	14	10	10	14	8	7	14	13	11	15	14	9	9	7	14
11	5	11	15	13	11	9	6	15	13	14	10	13	14	9	7	11	7	7	14	13	10	0	7	8	14	14	7	10	9	11	5	6	8	7	11	9	5	13	6	8	5	11	11	10	15	10	10	7	8	8	14	12	7	8	5	5	8	14	7	7	6	10	15	14	7	9	14	7	12	13	7	12	8	11
6	14	15	11	13	11	14	13	11	11	11	15	15	6	15	13	12	10	7	13	9	9	12	0	9	10	9	7	9	7	9	15	12	6	14	9	14	13	13	5	12	5	7	5	8	8	12	8	7	11	5	14	6	11	13	11	6	9	5	10	7	6	14	15	7	13	9	7	8	9	10	6	9	8	6
8	6	11	9	5	13	11	6	10	9	10	5	7	6	10	8	9	6	6	7	9	11	12	9	0	6	7	11	13	9	11	11	11	14	6	12	12	8	9	8	5	15	10	9	8	9	7	11	8	14	11	11	14	14	12	9	15	13	5	6	10	10	11	7	11	12	15	6	12	14	12	14	7	7	14
14	6	7	12	7	15	12	15	8	13	5	6	14	12	12	5	11	7	5	15	7	7	8	15	13	0	11	13	9	9	6	13	5	15	5	15	9	11	15	14	9	13	9	8	5	8	11	9	9	7	8	11	13	15	6	13	6	14	13	10	13	7	10	13	15	14	15	8	6	13	6	7	11	8	6
15	15	8	11	15	14	9	14	13	11	14	14	10	15	15	11	13	8	14	8	7	11	14	11	7	8	0	9	5	10	14	14	13	12	13	6	8	8	7	6	5	10	7	8	7	7	11	12	15	10	15	9	10	12	15	12	12	11	11	11	13	15	13	13	5	14	15	10	10	8	8	14	11	8	15
9	9	11	13	9	9	12	13	6	8	5	8	10	8	10	14	15	15	15	11	11	14	6	13	5	14	6	0	9	13	7	10	14	12	12	6	10	13	12	12	11	8	5	15	7	13	10	8	14	7	15	9	14	13	6	9	8	12	7	5	7	9	14	10	5	5	13	5	11	14	9	14	8	12	7
12	10	6	13	5	12	12	14	15	10	11	15	14	15	12	7	13	11	13	6	9	13	10	6	12	10	15	13	0	8	11	8	11	8	7	8	11	10	9	13	6	7	8	15	8	11	13	7	9	15	8	6	14	10	9	12	9	6	5	6	12	8	12	14	10	13	12	7	14	6	5	7	9	6	14
5	8	5	14	13	10	15	14	12	6	8	6	12	9	10	5	7	12	15	9	10	7	14	14	7	8	7	5	14	0	5	14	6	9	8	12	12	8	8	8	9	15	15	11	10	15	12	8	15	5	15	15	5	12	15	14	13	5	8	8	6	6	8	14	13	6	7	8	15	9	14	15	15	10	11
13	6	7	14	6	13	14	15	8	13	12	9	10	10	8	7	14	9	15	5	11	12	10	6	13	8	13	8	14	12	0	7	12	12	9	8	9	9	7	15	15	11	15	10	5	10	5	6	5	12	11	11	5	6	7	14	15	8	15	14	14	12	10	6	14	12	11	8	13	13	9	14	9	8	7
14	14	6	9	12	9	5	6	8	12	8	8	5	6	8	15	7	13	6	12	10	15	5	14	10	12	10	6	14	9	8	0	5	13	7	9	7	13	5	12	13	14	9	9	11	11	14	5	14	10	14	14	13	11	5	8	7	6	15	15	13	5	8	14	13	10	11	8	13	14	12	8	11	9	7
10	9	5	12	10	5	9	13	10	9	6	6	15	9	14	12	8	8	11	8	9	15	9	6	13	11	14	6	6	9	15	12	0	12	9	5	7	14	14	8	13	15	12	8	14	10	11	12	11	10	9	13	13	7	11	5	14	6	8	15	15	6	14	6	5	9	10	10	10	15	12	14	15	7	13
14	15	9	9	6	9	15	8	7	8	12	12	14	11	5	13	5	13	9	8	7	13	15	14	14	8	13	12	14	5	14	6	9	0	6	8	12	15	5	5	15	13	11	9	14	15	10	5	15	11	10	7	6	8	10	15	10	14	15	15	7	8	11	11	13	9	13	15	7	14	10	14	7	11	14
15	14	9	10	6	5	8	7	15	5	14	13	8	14	5	7	5	7	11	12	9	7	10	8	14	8	6	5	5	13	8	15	6	15	0	9	8	7	12	14	13	15	9	14	5	5	12	9	6	8	8	15	15	11	9	15	6	8	9	11	5	13	9	15	13	13	15	10	6	5	11	12	13	11	6
13	9	6	5	9	8	10	9	11	13	12	14	6	9	8	14	14	12	13	7	12	6	13	10	8	8	15	14	5	12	12	13	15	10	14	0	7	10	5	13	12	12	5	12	6	9	12	12	14	5	8	7	9	10	12	10	7	11	5	8	8	12	12	12	8	6	5	15	14	6	9	8	15	13	5
11	9	9	5	5	13	7	11	13	14	11	11	14	6	8	10	10	5	6	5	10	13	5	7	8	12	6	12	8	9	8	15	8	11	8	9	0	15	12	7	7	14	15	11	14	8	12	7	7	5	14	13	8	7	9	13	12	13	12	14	7	13	11	14	12	9	14	8	9	8	6	14	14	5	14
11	12	5	9	7	8	14	7	6	14	12	7	14	14	12	8	15	9	9	10	12	6	13	12	6	14	12	9	13	14	10	8	10	9	14	7	13	0	7	13	15	8	11	7	13	13	12	8	12	8	9	13	8	9	6	10	7	7	6	10	8	12	6	5	14	6	15	6	10	11	8	9	13	6	5
14	6	14	11	13	9	5	7	11	7	5	14	11	13	15	9	14	10	8	7	8	7	14	8	8	11	5	5	14	9	8	9	7	15	15	14	12	13	0	5	8	7	13	14	8	13	14	5	14	9	7	12	10	14	12	7	8	9	5	8	11	5	10	6	9	11	13	9	7	14	12	10	11	7	15
6	6	5	7	5	8	12	8	6	8	15	11	14	12	13	7	11	13	6	11	14	12	15	15	14	13	13	6	15	15	11	6	6	14	7	11	15	6	5	0	13	9	12	9	12	9	11	5	5	6	11	6	6	12	13	5	8	7	12	7	8	12	8	12	7	10	14	8	5	11	14	11	6	5	11
8	6	12	10	14	15	11	10	15	13	7	12	11	12	7	15	11	7	12	9	8	12	8	9	15	5	15	10	15	13	7	12	15	13	11	6	8	5	6	11	0	10	7	7	6	7	8	11	5	11	13	7	6	15	11	14	12	7	15	6	5	8	11	7	9	6	14	13	11	13	5	10	12	9	15
12	8	5	9	14	15	7	8	13	12	15	5	9	5	13	9	13	11	12	14	13	8	6	7	11	5	12	15	14	11	7	14	8	11	11	8	6	7	9	7	14	0	5	10	15	6	6	8	7	11	11	15	10	11	10	11	12	7	11	8	12	9	10	11	5	7	7	12	10	14	15	12	6	8	9
8	7	11	10	14	7	5	15	14	11	15	9	7	5	7	10	11	8	5	15	6	14	13	8	12	5	15	10	14	10	15	11	9	14	7	10	13	7	14	15	8	15	0	8	11	7	9	6	7	12	8	7	9	7	11	11	8	10	10	15	10	5	11	14	10	5	10	12	11	13	14	13	9	6	6
5	6	5	15	12	8	13	10	10	13	15	6	12	6	12	8	6	6	7	7	5	8	9	11	14	6	14	15	10	8	15	7	7	15	13	6	8	15	7	7	11	12	7	0	9	13	6	9	7	14	5	7	10	14	13	11	12	14	13	14	9	12	14	6	12	14	12	15	5	7	9	12	12	7	10
7	12	7	5	12	5	13	10	12	10	6	7	12	6	15	7	9	7	7	15	13	8	9	15	14	9	5	14	9	13	5	11	9	8	10	13	15	15	9	8	12	8	14	12	0	5	14	5	9	5	5	11	7	15	5	10	13	11	13	14	11	9	10	13	8	9	14	8	15	7	6	8	10	10	7
10	8	12	12	14	9	14	15	12	11	5	8	6	12	9	13	8	11	10	14	8	6	7	14	12	12	9	6	11	15	11	11	9	6	14	7	6	7	7	13	15	15	9	9	11	0	7	14	8	11	5	14	9	6	5	8	10	12	12	7	14	8	6	10	12	5	8	13	5	9	13	12	7	5	12
9	8	6	14	13	9	5	6	9	15	8	5	5	9	15	15	13	6	9	5	11	9	8	15	13	13	12	11	14	15	7	14	12	12	11	5	14	9	14	14	10	12	15	13	9	13	0	10	6	9	8	5	5	13	10	10	15	7	12	13	6	10	5	11	13	12	7	11	8	11	9	9	9	10	14
14	12	5	6	10	7	10	14	5	15	10	15	8	7	9	12	5	15	5	12	9	12	11	14	11	14	8	12	6	11	10	8	12	12	7	10	9	15	7	5	6	14	9	7	7	12	14	0	15	10	11	13	6	8	6	9	6	6	13	15	12	13	9	6	5	5	8	12	10	9	5	13	8	7	14
8	12	11	5	10	9	15	6	9	6	14	5	13	7	7	13	6	7	15	6	11	14	14	15	15	12	15	8	13	5	7	9	15	14	10	7	7	5	13	8	6	12	5	14	13	7	7	7	0	12	9	13	7	15	10	6	5	6	6	9	5	8	11	8	5	8	7	14	5	6	9	13	14	9	8
6	7	10	15	14	13	9	8	6	8	9	11	6	9	15	14	7	7	13	14	11	6	7	13	12	8	9	14	15	7	11	13	14	14	11	10	6	7	11	9	5	10	7	9	7	11	11	6	12	0	14	10	7	6	10	8	14	11	9	7	15	6	14	10	9	9	13	8	8	11	14	9	15	14	10
9	13	15	9	6	13	8	5	7	14	11	13	8	14	15	13	15	5	6	5	13	9	11	15	6	13	14	8	9	8	15	13	8	12	5	5	9	12	12	5	15	8	8	13	10	10	14	9	5	6	0	5	7	14	6	11	9	8	15	15	12	7	14	7	14	15	15	14	12	9	14	12	5	14	13
9	10	14	12	9	14	5	15	10	13	7	12	13	12	15	12	5	11	15	6	8	8	6	9	14	12	12	9	14	12	15	12	13	11	10	9	10	14	8	5	12	7	6	12	8	12	10	14	14	14	8	0	13	14	5	8	10	12	5	14	9	12	11	8	11	5	8	10	15	11	10	10	9	15	13
13	6	9	8	8	12	11	7	13	6	6	13	8	5	5	7	15	11	12	12	12	9	8	9	15	15	6	15	6	6	7	8	13	8	6	15	14	15	12	15	11	7	12	12	10	5	6	8	5	8	5	10	0	6	6	8	5	13	9	12	7	15	5	13	13	6	5	12	7	9	11	8	11	12	13
15	6	15	15	12	14	15	10	8	11	9	10	15	13	13	15	5	8	8	15	5	12	5	15	10	15	9	14	9	7	12	8	10	9	12	8	15	12	14	6	12	6	10	11	11	8	11	15	10	14	10	7	12	0	6	12	9	15	5	7	10	8	6	15	15	10	12	12	10	15	9	8	6	5	5
14	12	14	11	11	5	6	10	7	7	7	5	8	8	12	13	13	10	7	7	6	6	9	5	6	12	8	6	6	12	10	10	14	7	6	11	11	5	11	9	8	6	13	8	5	11	14	14	13	7	9	6	14	9	0	12	12	7	13	11	11	11	5	15	10	9	8	7	8	15	11	10	9	11	12
11	11	13	14	15	10	8	12	6	15	6	10	11	15	7	15	12	6	12	14	13	12	15	9	10	15	15	8	6	9	11	7	12	9	9	12	10	13	10	6	12	5	8	15	14	6	7	6	5	8	11	9	7	12	11	0	8	11	7	7	11	12	7	13	8	14	9	7	11	9	12	8	8	7	6
7	15	11	5	9	11	5	6	11	15	6	12	12	12	10	12	8	13	9	15	10	11	10	15	10	10	9	12	12	10	11	9	13	13	12	15	7	9	7	9	15	9	12	5	13	14	7	5	5	13	9	11	13	10	7	13	0	11	7	5	10	6	13	13	8	6	8	7	13	9	7	15	10	11	7
8	7	14	13	14	10	14	9	8	13	5	8	11	7	10	8	15	5	13	7	12	15	7	8	15	7	15	8	13	10	14	15	6	14	6	15	10	14	9	12	13	11	12	15	15	9	11	10	15	13	10	5	12	8	5	5	5	0	7	9	13	5	10	6	14	9	7	6	11	5	12	8	12	8	10
13	7	15	13	13	14	13	5	15	14	10	15	13	9	9	12	5	15	7	7	10	12	13	10	11	15	8	7	13	9	7	6	8	12	14	10	7	14	8	12	13	8	6	15	6	12	8	11	14	13	14	7	13	15	10	11	7	13	0	11	15	8	9	15	15	8	11	5	8	9	13	10	11	14	6
11	15	6	13	13	12	14	10	10	15	7	8	7	14	12	8	11	14	10	13	10	9	6	7	5	12	8	15	12	10	9	5	8	8	9	9	11	11	9	12	10	7	13	14	6	10	10	5	13	10	6	8	12	10	13	8	13	6	15	0	12	5	10	15	14	11	8	10	15	13	11	12	9	7	12
14	7	10	13	13	8	7	13	7	5	10	15	12	5	14	13	15	13	15	10	6	13	7	7	15	12	13	11	5	14	9	14	14	11	11	12	11	15	14	8	8	11	11	5	13	10	5	11	13	12	7	13	13	12	14	11	12	12	7	7	0	6	15	9	8	7	8	11	8	14	6	6	10	9	11
9	11	6	6	14	14	15	12	9	15	11	9	10	11	5	7	5	11	6	12	10	15	8	13	10	13	5	15	13	12	9	5	15	8	12	15	5	8	7	15	8	11	10	6	7	11	13	13	13	7	9	6	6	5	6	5	7	15	15	13	7	0	13	6	15	15	9	9	14	15	9	10	8	6	8
9	8	11	6	8	13	14	13	13	7	6	5	14	11	8	12	15	14	12	13	15	5	12	6	12	15	14	9	6	7	9	7	13	15	8	9	9	7	10	7	8	9	11	8	9	6	5	14	6	7	15	13	7	15	8	7	5	12	14	6	13	9	0	9	5	6	10	5	13	7	10	12	14	8	5
14	15	7	11	15	10	8	11	7	6	6	5	15	8	6	15	13	12	5	15	9	6	13	5	10	12	13	15	7	10	5	11	5	8	7	15	12	14	11	7	12	5	15	12	14	5	9	5	10	8	12	9	7	10	13	11	9	6	11	7	8	13	7	0	12	15	6	8	11	14	11	12	13	12	12
6	5	11	9	13	11	10	5	8	15	11	11	13	9	13	7	8	13	8	10	13	11	6	5	15	10	14	9	9	6	12	8	9	10	15	15	15	9	12	6	12	11	14	13	8	7	15	7	10	9	14	6	14	12	15	11	15	10	14	8	7	12	8	12	0	11	11	8	9	9	8	12	8	7	9
10	14	14	5	15	12	9	12	12	9	5	6	12	9	10	11	7	12	7	11	9	12	10	8	8	14	6	11	7	7	10	9	5	15	5	13	9	5	9	15	13	11	12	5	9	8	8	10	15	9	15	7	8	7	11	5	15	15	7	6	7	15	10	15	8	0	5	13	12	11	7	7	13	9	14
12	8	11	11	5	6	14	15	11	12	13	6	14	10	9	11	10	13	9	13	14	6	6	15	7	10	10	9	7	7	7	13	6	11	9	6	13	9	12	7	6	13	6	5	7	14	15	14	14	5	7	15	13	6	7	5	8	12	8	15	15	15	6	15	13	7	0	13	12	13	8	6	8	12	13
11	9	14	5	6	7	15	7	12	12	15	5	10	13	11	9	12	10	6	7	15	5	5	9	12	13	14	6	6	6	10	13	15	10	15	8	9	8	10	14	12	14	12	14	14	15	13	8	12	9	9	9	6	15	13	7	11	9	7	12	12	11	12	8	9	9	14	0	12	8	14	15	15	13	14
7	13	6	8	8	5	6	11	13	7	6	15	8	14	6	6	7	8	15	5	9	8	7	13	10	9	9	15	15	6	14	6	10	12	7	8	13	5	11	5	9	5	7	15	7	11	14	15	7	12	14	7	7	11	11	5	9	12	9	14	12	11	8	13	15	8	12	11	0	5	13	8	7	10	7
5	5	9	8	11	15	10	14	7	13	8	5	8	9	5	14	12	8	7	15	7	14	10	5	5	9	9	5	9	7	8	5	8	8	8	14	7	13	13	5	9	5	11	10	15	5	14	5	11	13	10	8	8	12	6	7	5	15	11	13	9	6	14	8	11	5	7	14	6	0	9	10	13	15	15
6	7	11	13	15	8	6	10	12	7	10	7	5	7	5	6	14	6	15	6	9	12	10	11	15	9	12	8	13	6	12	10	6	15	10	12	6	11	6	14	15	9	12	14	5	12	14	15	15	10	10	7	9	7	14	6	5	5	7	13	5	5	15	5	6	8	15	5	5	14	0	15	6	13	8
7	8	12	11	10	10	13	11	12	15	12	8	12	5	12	11	15	12	8	13	14	13	14	9	15	14	11	7	10	8	9	11	11	5	6	8	6	12	13	5	13	11	7	15	6	10	6	5	6	8	7	13	14	5	7	15	7	10	15	15	14	14	15	13	7	10	13	6	7	5	7	0	6	10	6
15	9	13	11	13	13	10	14	6	11	9	13	15	5	8	15	14	8	10	8	11	13	9	8	14	9	11	13	11	7	13	10	5	12	11	11	13	8	9	10	9	7	15	15	11	10	14	11	15	9	6	11	10	11	11	6	5	10	6	14	7	15	13	14	13	6	14	6	6	9	15	13	0	8	9
12	5	15	14	11	12	8	11	11	9	10	5	13	7	15	15	12	15	14	15	15	11	6	15	11	13	13	15	13	14	9	10	15	8	10	7	11	5	15	8	15	6	6	7	8	12	14	12	11	10	5	11	9	14	14	6	6	13	7	11	14	11	7	11	11	11	14	8	5	9	12	14	6	0	8
8	12	5	15	13	7	6	10	7	11	6	14	15	6	5	11	6	11	15	6	13	9	15	9	7	15	14	10	12	12	11	6	8	14	11	10	7	13	14	6	10	10	13	11	7	10	11	14	9	7	5	10	11	10	10	13	15	14	11	5	5	10	5	9	15	10	13	8	5	10	14	7	12	10	0
