75
1	 19	 859	 863	 1	 1
2	 27	 2194	 2209	 1	 2
3	 11	 2353	 2375	 1	 5
4	 21	 840	 851	 7	 7
5	 18	 1684	 1701	 5	 8
6	 23	 1090	 1096	 4	 4
7	 28	 762	 769	 1	 1
8	 33	 1508	 1516	 1	 2
9	 29	 862	 868	 3	 3
10	 32	 1350	 1357	 3	 3
11	 40	 1039	 1059	 1	 2
12	 5	 1893	 1912	 5	 10
13	 27	 2209	 2220	 5	 5
14	 28	 795	 795	 2	 8
15	 10	 1880	 1892	 8	 10
16	 6	 2063	 2083	 2	 4
17	 8	 1575	 1595	 2	 2
18	 14	 2063	 2069	 3	 3
19	 18	 1663	 1673	 6	 8
20	 21	 2280	 2285	 1	 7
21	 19	 1462	 1475	 1	 4
22	 23	 1173	 1190	 4	 9
23	 10	 1187	 1193	 2	 2
24	 39	 1914	 1917	 6	 8
25	 9	 1298	 1319	 6	 8
26	 17	 2094	 2100	 2	 2
27	 13	 2175	 2191	 5	 5
28	 9	 1533	 1545	 7	 8
29	 26	 992	 1006	 1	 3
30	 17	 1877	 1884	 3	 3
31	 18	 1755	 1759	 5	 5
32	 15	 1052	 1057	 1	 7
33	 18	 829	 841	 2	 9
34	 38	 2005	 2005	 4	 5
35	 31	 2123	 2127	 2	 4
36	 6	 1893	 1914	 5	 6
37	 35	 2253	 2254	 3	 5
38	 36	 775	 793	 1	 4
39	 17	 1005	 1005	 2	 6
40	 32	 1586	 1597	 3	 7
41	 33	 737	 737	 8	 10
42	 5	 1976	 1977	 1	 2
43	 19	 882	 882	 1	 6
44	 24	 1958	 1963	 1	 1
45	 14	 916	 926	 6	 10
46	 17	 1557	 1562	 5	 8
47	 30	 1108	 1120	 2	 2
48	 38	 2048	 2065	 3	 9
49	 31	 1765	 1774	 10	 10
50	 36	 1621	 1631	 3	 3
51	 32	 1440	 1440	 5	 8
52	 37	 1419	 1422	 1	 8
53	 16	 784	 790	 3	 3
54	 24	 2337	 2356	 1	 1
55	 16	 716	 736	 1	 5
56	 34	 2176	 2190	 2	 2
57	 20	 2120	 2125	 4	 6
58	 36	 1799	 1820	 2	 6
59	 25	 1142	 1151	 2	 6
60	 30	 1106	 1120	 2	 5
61	 15	 1227	 1232	 4	 5
62	 21	 1559	 1578	 1	 1
63	 5	 906	 914	 1	 9
64	 39	 931	 940	 3	 6
65	 8	 1260	 1262	 8	 10
66	 36	 1248	 1250	 1	 7
67	 29	 828	 842	 1	 5
68	 27	 1588	 1606	 6	 7
69	 9	 2243	 2256	 1	 6
70	 39	 1502	 1506	 1	 4
71	 38	 1993	 2003	 1	 6
72	 30	 852	 874	 7	 8
73	 18	 1628	 1634	 3	 5
74	 27	 1932	 1936	 1	 6
75	 6	 1664	 1680	 7	 7
0	9	12	9	8	15	7	6	11	15	7	8	13	10	10	6	7	8	5	10	7	5	7	15	6	9	5	9	7	10	12	12	13	15	9	11	15	8	8	12	10	11	11	12	13	10	9	14	9	15	5	13	9	9	13	10	6	8	11	14	9	15	13	15	6	6	7	7	5	6	10	14	15	6	13
8	0	10	8	11	12	13	13	13	11	12	13	9	14	10	13	11	12	13	10	8	12	12	5	8	7	6	5	5	8	14	7	14	13	9	14	6	11	5	9	9	15	8	10	6	6	11	6	15	13	5	9	8	11	11	5	7	5	5	5	9	12	12	10	9	15	11	7	9	9	5	14	8	12	9
13	13	0	11	8	14	15	14	10	7	7	15	10	11	10	12	15	6	9	10	8	9	7	5	8	6	5	5	5	9	14	11	5	10	13	5	6	8	15	10	13	15	13	14	6	12	14	15	11	7	12	12	13	12	6	6	7	13	11	9	7	13	12	6	13	14	6	6	13	12	5	11	14	11	6
10	10	12	0	15	11	8	11	9	14	7	14	10	6	11	11	15	12	5	15	12	14	14	11	14	10	14	13	9	15	14	15	8	12	9	14	13	10	6	8	14	9	10	7	10	8	6	8	5	5	8	15	15	5	14	11	8	13	13	9	10	7	9	13	12	5	14	12	13	8	15	5	13	12	8
7	12	11	5	0	10	7	10	11	11	15	8	10	15	11	6	11	11	8	14	7	6	14	11	10	15	13	9	11	11	13	15	10	15	12	9	11	6	7	9	14	11	10	9	11	14	13	11	7	9	13	7	14	6	14	7	14	15	10	8	8	15	11	11	5	15	15	5	12	15	7	15	12	14	13
8	7	10	10	8	0	15	14	15	5	12	15	5	9	8	13	15	15	8	12	7	10	12	8	9	12	12	14	9	14	9	8	14	9	12	8	12	15	15	8	14	10	7	6	9	6	9	9	15	12	5	9	6	14	5	12	15	5	13	13	8	9	9	9	15	12	11	12	14	9	11	15	15	10	5
13	15	12	7	7	6	0	12	11	11	10	7	9	5	12	15	14	13	5	6	6	15	15	8	12	13	11	14	5	13	10	13	9	5	7	7	11	15	14	8	5	11	10	9	14	11	14	6	8	5	12	14	7	9	11	10	7	15	11	6	11	15	15	14	14	8	6	9	12	14	15	15	7	8	6
12	14	13	11	5	11	13	0	15	8	13	8	6	11	8	11	12	10	14	7	5	15	6	12	14	8	15	14	15	8	8	9	11	6	8	7	13	5	15	14	15	9	5	12	15	9	7	12	14	6	13	10	5	6	5	5	11	5	9	5	12	5	8	10	11	14	13	11	8	12	5	14	11	11	7
11	10	7	15	5	8	15	11	0	13	10	9	9	11	6	5	10	7	6	13	10	6	9	13	14	13	9	11	13	9	10	6	14	9	7	10	12	10	13	8	11	6	15	6	5	7	11	12	13	7	14	7	8	15	9	11	14	10	9	10	6	8	8	9	12	10	9	7	10	7	6	13	14	7	6
10	14	15	6	14	15	9	7	9	0	13	9	8	13	14	7	10	12	7	7	12	6	13	8	12	11	7	11	10	7	6	7	13	7	5	7	5	7	7	14	13	10	9	12	6	9	7	12	6	14	5	5	6	13	14	8	11	5	8	7	14	15	7	9	7	5	6	15	9	14	11	11	14	15	13
6	13	12	6	9	9	9	13	8	5	0	7	9	11	9	11	13	7	13	12	8	14	10	13	8	8	15	6	6	11	5	5	10	5	9	8	13	14	13	13	7	11	14	10	12	15	15	15	14	13	9	5	12	8	10	12	14	9	9	6	15	7	12	5	6	10	12	8	15	6	9	6	13	10	6
11	7	14	8	13	12	10	10	13	7	9	0	12	13	14	10	7	5	10	13	7	8	9	15	7	9	9	13	9	10	10	15	8	11	11	9	8	7	5	8	9	9	12	15	13	8	5	7	15	7	7	7	14	10	5	8	10	5	15	10	13	15	8	11	8	11	12	5	12	8	8	12	13	9	10
9	14	5	11	11	7	7	5	11	8	12	12	0	11	15	13	11	5	7	7	9	5	5	6	5	10	6	10	13	12	15	14	6	5	10	12	10	11	7	7	14	15	15	6	13	9	6	14	13	14	15	11	8	8	5	9	15	8	5	8	8	15	12	6	14	10	15	13	6	8	7	5	10	11	7
15	7	6	5	13	8	12	15	8	12	10	5	7	0	12	14	12	10	12	14	14	12	11	5	12	5	6	13	14	9	12	8	5	11	6	10	7	9	11	8	11	12	11	10	9	13	10	14	11	15	11	11	6	7	11	13	8	9	8	13	7	7	8	11	14	7	12	6	9	9	9	6	6	10	11
8	9	15	7	12	7	13	10	8	7	8	5	7	9	0	13	13	6	9	15	7	9	15	8	7	14	12	6	5	10	15	9	10	6	13	6	7	5	11	5	13	13	12	9	10	11	11	7	6	7	13	14	6	7	6	11	15	9	6	15	10	9	9	6	7	8	14	6	7	13	8	5	15	14	15
9	9	6	13	13	7	5	13	15	14	5	10	5	15	7	0	5	11	14	11	15	5	10	12	7	6	13	11	11	15	15	14	14	9	10	13	5	9	11	15	9	13	13	7	12	13	14	14	11	7	7	13	5	10	9	14	13	15	7	9	11	15	10	5	11	14	10	15	9	11	10	14	10	12	5
7	6	11	7	9	6	5	10	12	15	9	8	13	13	13	8	0	9	13	11	15	9	11	7	6	13	13	9	14	11	11	10	11	10	8	9	14	6	6	10	9	5	6	8	5	15	6	15	13	14	5	15	9	9	8	10	14	12	6	9	9	5	13	9	14	12	12	6	7	5	12	15	12	14	14
10	15	11	8	14	12	13	14	14	14	13	8	13	15	8	5	15	0	8	11	15	8	15	5	7	12	12	10	9	11	5	5	14	15	9	10	15	11	7	9	13	13	13	12	13	14	6	9	14	5	7	13	7	10	8	9	15	15	13	13	6	13	10	12	12	9	14	7	8	5	15	5	14	11	10
8	11	9	11	13	9	13	7	15	6	9	9	11	15	6	6	15	11	0	14	9	5	11	13	5	9	12	9	10	15	14	11	13	9	12	11	10	13	10	9	12	9	12	8	5	6	8	13	14	12	9	7	14	5	13	5	8	11	14	10	13	7	15	8	7	8	12	11	11	14	12	9	13	12	7
12	8	12	8	12	14	9	9	9	5	5	9	12	13	11	8	12	13	6	0	10	12	5	9	12	15	5	8	9	15	7	11	6	15	8	13	5	11	9	11	14	14	14	11	11	5	9	7	7	13	9	15	11	13	9	12	10	5	11	13	9	5	10	13	8	15	6	14	5	5	9	5	9	5	15
9	5	12	12	6	14	10	7	13	12	15	14	12	7	14	11	8	10	15	11	0	15	10	6	6	6	14	14	5	12	13	11	9	5	10	15	8	14	12	5	11	8	8	12	15	14	13	15	15	6	13	7	5	5	14	8	11	10	11	5	11	14	7	13	8	7	9	12	9	7	7	13	5	12	13
7	12	14	5	10	14	12	15	10	11	11	12	10	12	15	10	5	13	12	15	11	0	12	15	5	9	9	9	10	15	14	14	11	9	6	7	13	6	9	6	15	7	10	13	15	9	13	8	5	11	9	12	12	5	6	8	5	14	10	10	13	14	13	13	10	7	9	7	9	14	5	8	6	9	15
6	10	8	15	15	11	7	5	9	15	13	6	10	11	14	7	7	10	14	15	12	14	0	14	7	13	5	5	6	7	11	9	15	7	6	7	11	9	10	5	8	12	15	8	5	11	13	15	9	12	14	10	6	6	9	9	10	13	13	9	8	10	7	15	13	8	8	9	8	5	11	12	12	8	10
11	8	10	12	10	6	7	8	5	12	15	6	8	7	12	15	14	15	15	6	7	7	12	0	9	15	5	5	10	6	14	8	12	12	13	15	10	11	12	15	15	10	9	13	12	10	5	9	7	6	9	5	11	8	7	11	10	6	9	7	15	12	12	8	12	12	13	8	13	9	10	15	5	7	12
12	6	5	15	8	11	10	13	14	14	14	10	11	13	14	7	12	14	5	8	10	11	5	11	0	7	8	6	10	14	13	13	12	14	5	10	8	6	9	8	12	11	11	6	8	9	8	7	9	12	14	11	11	11	14	6	14	5	7	12	9	8	8	9	7	12	14	10	8	5	5	12	15	14	13
7	6	14	15	10	6	11	8	6	11	15	7	9	6	5	7	7	11	7	14	9	13	15	6	14	0	11	6	15	14	6	7	9	10	11	9	9	11	6	7	8	6	6	14	13	14	13	12	9	15	11	7	5	14	12	13	5	12	7	8	7	13	13	5	7	13	6	11	8	10	14	10	8	5	9
15	5	7	6	8	6	11	12	13	13	6	8	10	9	10	10	15	11	12	13	8	14	9	5	9	10	0	9	7	7	6	9	15	8	5	5	5	14	6	10	13	14	14	6	14	8	10	13	13	12	5	8	10	15	11	6	9	6	15	7	14	15	15	13	10	5	10	10	11	7	9	9	6	7	12
14	8	13	8	14	13	15	12	12	8	5	14	7	13	7	12	11	14	10	8	6	8	6	5	8	9	5	0	13	10	13	11	14	7	13	9	10	6	7	6	8	11	10	7	7	12	10	10	14	6	7	13	9	11	8	5	7	14	14	12	5	6	7	8	7	14	5	12	12	8	10	6	11	8	13
6	7	12	11	6	11	12	12	5	10	7	10	15	14	13	7	5	12	6	6	14	7	7	8	11	7	14	6	0	6	15	12	12	6	8	15	5	8	11	6	11	9	7	7	14	15	5	5	6	12	8	14	13	6	10	6	14	7	11	15	11	10	15	10	7	9	11	5	14	12	10	14	5	6	14
15	6	15	12	14	13	8	7	13	6	13	9	11	13	14	11	14	15	12	15	11	12	7	8	14	14	12	15	12	0	15	7	13	15	9	6	8	9	13	15	14	8	8	12	5	15	8	6	10	5	7	5	15	7	15	7	9	13	14	15	12	12	7	8	15	12	12	14	9	14	14	10	5	9	13
9	8	14	5	13	9	15	9	8	13	6	15	12	13	14	10	9	6	12	7	13	8	6	14	14	11	11	13	10	7	0	12	12	11	5	9	6	5	7	15	7	12	8	5	10	9	11	8	14	5	11	10	13	14	15	11	15	12	5	9	9	14	15	15	15	7	13	13	8	9	7	6	8	9	13
14	9	5	7	14	13	9	11	11	9	14	12	15	9	12	13	5	7	11	13	10	14	5	9	15	6	14	8	6	10	9	0	5	6	14	7	5	14	11	6	6	11	5	15	13	11	14	8	5	13	10	14	10	9	5	9	12	7	5	12	9	13	7	11	11	11	8	13	10	6	12	10	5	12	13
9	8	8	7	6	14	11	15	11	15	10	14	6	11	5	12	13	6	10	12	13	9	12	9	8	8	13	11	5	14	14	15	0	12	10	13	11	14	15	15	10	6	12	7	11	12	11	11	12	15	5	7	6	9	7	15	14	9	7	14	5	13	15	14	9	7	15	5	6	13	15	6	5	9	7
10	9	5	10	5	14	10	6	8	10	13	7	13	14	15	7	9	12	14	13	6	15	8	7	12	5	6	5	8	14	6	15	14	0	10	11	7	7	8	14	6	11	15	6	11	7	5	9	7	5	15	10	12	9	10	14	15	11	14	13	5	5	14	5	10	7	11	13	9	5	8	6	13	8	5
8	12	10	8	15	6	12	12	9	14	8	8	10	7	8	13	7	12	7	7	8	8	11	7	5	10	9	8	9	5	10	11	10	10	0	13	7	13	8	15	6	6	14	9	7	10	7	14	7	10	11	12	10	6	14	5	5	7	11	8	8	14	14	5	13	5	7	7	12	9	8	11	7	11	8
11	5	13	12	7	9	10	12	9	5	10	7	8	8	9	8	10	12	11	5	5	7	9	13	15	6	11	12	13	15	10	7	13	12	12	0	14	5	10	10	5	13	5	9	12	13	9	5	12	9	15	12	7	8	9	9	15	8	7	9	7	7	12	11	13	9	6	13	6	5	7	11	12	14	5
13	13	8	10	8	10	13	5	11	11	9	11	15	14	11	12	12	13	12	15	15	13	8	6	14	9	7	10	13	8	9	10	7	8	9	5	0	5	8	15	8	13	14	10	10	11	8	8	8	15	12	13	7	13	9	8	15	6	15	12	12	6	7	12	12	7	7	15	7	15	11	13	9	13	6
12	11	14	5	6	8	13	9	13	12	8	15	13	7	12	9	14	8	8	12	7	5	8	13	6	10	11	11	8	10	15	14	5	12	7	11	11	0	8	12	5	9	8	9	9	13	14	10	9	13	11	15	15	9	13	14	6	7	12	8	7	15	6	7	15	6	7	5	7	8	10	14	14	12	10
12	6	9	9	13	5	6	14	15	8	10	11	13	12	9	14	7	5	10	14	7	15	7	13	11	13	14	11	10	5	8	6	10	11	9	15	11	13	0	15	8	13	7	15	11	7	9	7	14	13	9	8	11	6	7	11	14	13	9	12	9	12	12	7	6	6	10	9	15	6	15	10	10	11	7
7	8	13	10	7	15	6	8	5	13	13	11	11	11	14	11	7	8	6	10	6	15	10	12	5	12	13	9	8	8	13	11	14	8	11	6	7	9	12	0	11	11	9	9	14	9	15	8	13	11	5	15	13	9	11	14	11	5	15	14	15	14	5	14	6	15	10	7	6	10	14	6	9	7	8
13	9	12	9	6	12	9	14	13	5	12	11	14	11	9	13	9	12	7	12	13	14	7	9	7	7	14	12	14	10	15	12	6	14	12	14	15	13	11	10	0	15	9	6	10	6	12	8	13	7	5	12	6	13	14	14	5	13	13	8	15	11	7	8	10	14	5	10	7	10	13	8	13	10	6
9	11	10	9	10	15	14	15	15	10	8	7	7	15	6	8	13	10	10	15	5	6	8	10	10	14	15	7	5	12	5	6	10	13	8	6	5	11	11	13	9	0	12	10	15	15	14	11	12	14	9	13	10	13	11	6	12	8	15	14	9	9	10	7	8	15	7	11	9	15	15	12	12	13	11
11	6	8	10	13	12	8	8	6	7	13	8	5	5	5	9	11	13	6	11	7	12	13	11	13	5	8	6	6	7	14	8	15	12	13	10	9	6	15	10	8	11	0	15	13	5	14	12	11	15	7	11	8	6	13	8	6	8	12	13	10	7	8	13	5	10	11	14	8	9	15	7	5	11	11
10	5	10	7	12	8	15	13	8	15	6	14	9	15	7	13	8	12	5	11	9	14	8	10	9	10	11	9	14	15	8	9	12	12	8	10	13	9	5	6	15	9	5	0	10	5	11	8	10	12	10	8	10	5	10	13	15	5	13	9	14	7	12	9	12	13	5	6	9	12	15	9	10	13	15
15	14	6	9	13	5	10	13	13	9	7	11	13	12	7	10	6	15	5	8	9	8	12	9	12	6	8	10	13	13	15	14	7	11	12	6	6	14	15	6	8	12	8	13	0	11	14	12	9	10	6	14	9	15	15	11	10	7	8	9	6	14	5	11	11	12	11	8	11	14	8	10	9	5	11
15	14	15	12	12	8	12	13	10	6	11	8	15	14	12	11	7	15	9	11	13	12	12	13	7	6	7	12	15	10	5	9	5	8	6	13	6	15	5	7	13	10	14	13	9	0	5	11	5	14	14	9	5	13	5	14	5	14	12	5	15	13	11	6	5	5	9	10	12	5	12	9	9	7	14
10	5	13	7	8	7	7	6	5	11	9	5	5	13	12	5	13	8	9	11	14	7	5	10	5	14	10	11	5	12	5	10	15	8	14	8	15	12	13	15	15	14	14	9	6	6	0	5	9	9	5	14	7	7	13	13	9	7	10	13	8	6	10	5	12	7	11	6	15	8	12	7	6	11	12
13	5	5	13	12	12	9	10	13	5	7	6	6	10	13	9	14	7	9	12	10	13	12	9	14	13	12	11	13	8	5	15	15	5	14	13	14	9	9	6	8	6	7	10	6	8	13	0	13	12	15	12	8	15	10	8	13	9	10	13	5	7	11	6	14	8	5	13	13	5	9	6	14	13	9
12	14	7	14	5	5	15	5	12	14	13	8	9	7	13	5	11	14	13	6	8	9	12	13	9	12	14	7	10	11	9	10	7	6	5	6	7	9	11	15	14	12	12	10	5	12	6	11	0	12	7	14	15	11	12	5	10	11	9	11	10	7	10	5	14	6	8	15	11	7	7	9	5	7	9
11	15	9	15	7	9	12	15	6	5	12	12	15	6	8	11	11	6	5	5	12	14	14	6	13	15	7	11	10	10	9	15	9	10	6	15	13	15	12	10	15	14	15	11	15	12	15	10	5	0	15	15	12	14	14	13	15	12	8	5	14	15	12	8	7	10	11	6	15	9	12	14	10	11	11
6	14	7	7	9	13	7	11	12	6	7	6	13	11	10	8	12	13	11	8	6	12	6	11	11	10	13	15	6	8	7	7	14	5	5	14	12	15	12	12	9	7	12	9	12	11	7	7	7	13	0	15	13	12	6	15	10	14	8	13	9	8	14	7	14	13	7	12	7	8	13	8	7	11	6
5	8	15	6	5	8	6	14	13	7	9	10	12	12	6	15	6	8	12	10	8	14	7	5	6	14	13	8	10	13	7	10	13	15	6	15	5	6	12	6	15	10	12	6	14	12	12	7	14	12	6	0	7	12	8	9	12	13	11	7	8	9	10	13	6	15	13	5	10	11	11	7	12	12	7
5	11	13	9	13	7	7	8	6	11	10	14	12	6	9	8	8	15	7	14	8	8	12	15	14	13	9	8	11	8	10	10	14	7	15	15	6	5	6	13	14	11	10	10	10	11	7	6	9	12	7	10	0	13	6	9	14	7	15	10	8	8	11	6	10	5	14	8	13	13	5	5	11	15	7
13	6	8	5	7	8	15	14	11	10	14	5	10	11	9	9	12	13	5	13	6	12	9	5	12	5	10	8	15	6	5	8	5	10	13	15	7	13	7	8	15	10	9	13	11	7	6	10	6	5	10	8	14	0	6	10	11	11	14	13	15	8	13	14	9	12	5	7	7	9	6	12	9	14	14
14	7	6	14	13	13	11	5	10	14	11	10	5	6	13	6	9	12	5	11	13	15	8	5	7	10	6	9	12	12	10	8	12	15	13	11	10	12	7	12	13	7	12	11	8	9	5	15	13	15	15	14	13	10	0	5	12	15	9	12	12	5	12	8	8	7	8	8	13	12	7	5	7	9	5
15	12	7	10	14	5	8	14	5	5	14	15	5	11	8	15	14	15	13	10	6	13	9	15	14	7	8	11	10	12	15	9	11	5	9	15	5	5	7	11	12	13	10	12	10	15	7	8	5	7	8	5	10	8	7	0	11	7	6	11	14	9	6	8	10	7	10	7	14	11	14	13	9	12	13
7	11	6	8	5	5	5	9	7	15	10	6	10	9	15	9	15	10	13	6	7	13	9	14	14	12	14	11	5	5	9	6	10	5	12	11	13	8	14	14	6	8	5	10	12	13	9	9	15	10	11	15	12	13	6	13	0	8	8	6	5	8	14	11	6	8	10	11	15	13	12	10	12	10	5
6	13	5	15	5	7	10	11	8	7	9	5	8	13	15	9	8	9	7	8	15	5	6	9	15	5	15	7	14	15	8	10	9	13	13	5	6	6	11	6	5	7	10	14	10	9	13	14	14	13	14	8	5	10	5	13	14	0	7	15	6	11	14	14	13	12	9	11	11	5	12	7	12	7	7
14	5	6	8	13	6	11	8	6	12	11	7	14	14	12	7	15	12	13	7	12	7	10	13	8	12	8	6	11	9	10	8	15	11	15	13	9	11	9	13	5	5	10	8	10	10	15	8	7	9	5	12	14	15	9	9	13	5	0	15	15	11	10	8	6	11	15	14	5	8	12	11	13	12	5
12	9	5	13	9	10	9	9	12	10	11	7	10	6	13	9	14	8	6	10	5	13	9	6	5	11	9	15	5	12	12	12	6	14	5	9	9	13	7	10	8	14	5	15	12	6	15	14	14	15	8	14	8	15	8	13	5	11	12	0	13	7	14	5	6	5	6	6	15	9	11	8	7	8	12
9	6	10	11	12	13	5	9	14	7	13	5	10	12	10	13	12	9	9	8	8	15	10	12	6	5	6	13	8	5	12	5	11	6	12	8	10	15	10	8	11	11	13	12	11	15	9	10	15	11	14	11	8	14	14	5	13	5	8	8	0	11	15	6	7	12	10	14	5	10	15	7	10	12	8
14	10	12	15	13	12	14	14	7	6	11	8	7	5	14	8	5	5	9	15	6	6	6	14	11	14	13	12	12	9	12	10	15	13	7	14	8	5	10	12	12	9	12	14	8	9	14	15	15	15	11	9	15	6	6	7	13	12	5	13	10	0	15	6	11	12	8	5	14	8	7	5	5	8	11
5	14	12	10	14	5	11	14	13	8	14	15	12	12	5	6	15	5	11	13	11	14	9	12	12	11	14	6	13	10	7	10	9	13	6	5	11	14	14	11	13	14	8	8	8	6	10	6	13	12	5	13	6	14	9	7	8	5	13	10	14	13	0	5	12	6	14	7	15	14	14	11	10	5	13
15	12	6	8	7	8	8	5	11	14	10	14	14	10	6	7	8	9	15	6	8	7	13	12	12	15	9	9	9	6	5	7	10	6	7	11	14	12	10	11	14	8	10	6	13	6	15	7	7	6	7	11	8	5	10	14	5	6	11	14	7	8	6	0	5	15	15	7	5	6	9	14	9	5	10
8	15	7	5	6	10	11	7	6	8	13	10	6	7	11	11	12	12	10	6	5	10	10	11	15	11	11	7	11	15	14	15	12	12	5	9	14	12	13	8	12	9	6	10	11	6	8	6	5	15	12	5	12	14	12	11	15	15	11	5	13	13	13	5	0	9	6	7	10	9	11	9	11	6	15
8	6	12	5	5	12	5	15	7	8	10	12	12	14	12	8	13	9	11	7	6	6	9	7	5	5	8	12	11	13	13	9	7	11	7	7	13	13	9	12	10	12	9	8	5	12	11	5	5	7	14	12	15	8	6	8	14	9	9	8	12	9	15	15	5	0	13	14	12	11	7	8	14	7	6
8	7	5	11	6	9	6	11	14	10	8	10	9	15	12	10	10	8	11	7	6	12	12	13	14	7	10	14	14	15	8	5	5	12	15	10	8	9	14	9	11	7	10	14	5	12	12	10	6	5	7	11	13	8	14	10	13	7	12	13	5	9	7	13	12	6	0	10	11	5	8	11	8	14	8
9	12	9	8	12	11	6	6	10	14	13	7	10	13	14	9	12	6	9	10	15	5	13	13	9	6	11	6	11	5	11	9	11	7	6	9	5	15	13	12	7	12	5	9	9	5	12	15	8	12	8	11	6	11	10	6	14	7	14	5	8	12	13	6	13	11	11	0	15	8	15	9	10	12	9
6	13	7	8	5	8	7	6	10	9	12	10	12	13	9	14	11	6	15	8	13	13	8	13	9	13	7	12	9	10	10	12	6	10	11	10	9	12	12	14	11	11	7	9	5	14	10	14	11	7	15	5	12	15	11	15	13	15	15	11	7	10	6	12	14	9	10	7	0	9	5	5	7	11	5
15	14	9	10	11	11	8	13	14	10	9	7	15	13	7	12	7	7	14	13	5	6	9	12	13	7	8	12	11	11	12	9	11	11	6	12	7	7	9	5	7	5	12	6	12	5	15	6	5	12	12	9	8	8	12	14	6	14	14	6	11	13	15	11	12	14	10	10	5	0	11	8	10	5	6
9	9	8	6	13	7	10	13	5	12	5	7	6	5	12	5	6	11	15	12	9	8	14	12	10	14	8	6	13	5	8	9	9	5	6	10	15	14	10	9	6	11	13	8	13	8	11	10	11	11	9	9	8	11	10	6	14	13	14	8	8	15	9	14	12	10	6	5	10	5	0	10	14	12	6
10	8	9	12	9	13	12	5	10	14	8	14	6	8	6	15	9	9	6	6	12	6	6	15	12	15	8	12	11	8	5	7	14	9	11	11	10	15	10	15	11	15	7	10	10	9	12	6	5	10	9	5	7	11	14	6	11	5	10	7	13	5	7	13	6	15	7	9	7	14	14	0	8	6	13
13	11	11	13	13	12	10	8	15	14	9	11	5	6	10	14	7	14	11	15	5	14	6	9	14	10	6	6	14	9	6	10	5	9	14	11	7	5	7	8	5	7	15	13	8	9	8	15	13	15	14	9	9	14	10	14	15	14	5	14	12	13	5	9	8	11	14	5	12	15	7	15	0	13	14
8	8	14	5	13	15	5	5	5	6	14	7	8	6	11	14	14	12	8	12	14	9	7	15	9	10	6	12	6	13	8	5	6	10	6	14	7	12	12	7	13	11	12	11	11	11	7	15	11	15	7	12	11	5	7	12	5	5	10	9	5	10	11	12	12	7	12	12	9	5	12	7	11	0	11
8	15	11	9	5	13	5	10	9	9	14	15	10	13	11	7	6	9	9	12	5	15	14	8	8	14	13	5	11	5	9	8	12	11	7	14	6	5	5	9	15	14	12	7	7	14	6	8	7	15	7	7	12	5	12	12	6	6	15	13	9	6	7	6	6	13	12	7	8	15	12	8	14	11	0
