50
1	 7	 442	 462	 9	 9
2	 23	 787	 804	 5	 5
3	 37	 471	 479	 3	 5
4	 30	 1402	 1416	 1	 5
5	 11	 916	 928	 2	 5
6	 17	 265	 276	 2	 6
7	 9	 1395	 1406	 2	 2
8	 8	 994	 1011	 6	 9
9	 16	 84	 99	 2	 3
10	 18	 599	 607	 4	 7
11	 32	 544	 545	 6	 9
12	 36	 1406	 1418	 1	 1
13	 32	 758	 778	 3	 3
14	 6	 1174	 1182	 2	 4
15	 30	 361	 380	 2	 6
16	 38	 1277	 1285	 3	 4
17	 6	 497	 501	 2	 4
18	 31	 1426	 1440	 5	 6
19	 22	 385	 400	 7	 8
20	 7	 595	 616	 8	 8
21	 15	 432	 442	 7	 10
22	 14	 988	 1002	 3	 4
23	 33	 558	 559	 5	 6
24	 9	 1051	 1054	 4	 10
25	 29	 1032	 1049	 3	 10
26	 29	 984	 987	 4	 5
27	 21	 493	 502	 1	 3
28	 12	 182	 185	 2	 2
29	 20	 1124	 1145	 2	 5
30	 16	 1283	 1298	 4	 4
31	 25	 931	 949	 1	 7
32	 9	 689	 698	 2	 3
33	 33	 736	 744	 2	 2
34	 21	 1371	 1375	 2	 2
35	 32	 1226	 1232	 8	 9
36	 22	 1195	 1214	 1	 1
37	 32	 1274	 1276	 5	 5
38	 32	 432	 441	 1	 9
39	 4	 466	 481	 2	 5
40	 34	 276	 281	 3	 7
41	 29	 1447	 1464	 4	 9
42	 27	 387	 389	 1	 2
43	 13	 1161	 1166	 5	 7
44	 12	 357	 366	 5	 6
45	 21	 1061	 1069	 2	 3
46	 29	 91	 107	 1	 8
47	 10	 862	 864	 1	 5
48	 38	 1326	 1326	 4	 6
49	 38	 1210	 1228	 4	 8
50	 9	 632	 648	 4	 6
0	9	5	11	10	5	6	13	15	14	11	8	9	8	9	6	5	9	11	8	13	15	12	12	7	13	15	11	6	8	11	12	12	7	8	7	10	13	6	6	14	7	7	7	13	6	7	7	13	11
11	0	6	11	5	14	11	12	11	12	9	8	6	14	8	5	8	14	6	7	10	8	5	9	9	15	9	14	10	13	14	9	9	11	6	10	15	13	9	8	8	7	8	13	15	13	8	15	11	6
15	13	0	14	8	5	10	12	9	15	12	9	11	12	9	13	5	11	15	14	15	12	8	11	14	7	5	13	12	7	8	8	12	7	6	13	15	12	9	6	12	5	8	13	9	12	6	9	14	8
15	8	12	0	14	7	6	13	15	15	11	14	8	10	14	15	13	13	14	8	9	8	6	11	8	13	8	9	8	7	9	15	14	14	8	11	15	6	13	13	6	7	9	13	5	12	12	11	5	8
5	9	11	7	0	8	5	11	9	15	9	7	12	13	15	7	7	9	6	5	10	9	6	14	9	6	8	6	10	8	5	13	13	11	12	7	6	7	13	13	8	7	9	11	5	13	15	12	5	12
14	8	10	15	11	0	12	14	5	7	7	5	12	13	13	11	14	14	10	8	7	11	6	6	5	9	6	9	11	9	8	10	11	5	7	10	10	9	14	13	5	14	12	12	13	9	6	12	5	13
12	10	12	7	15	12	0	11	5	11	13	14	12	13	14	8	14	8	7	6	14	15	7	13	12	5	13	10	7	12	10	8	14	9	5	11	10	13	9	11	5	12	7	14	9	11	10	11	7	6
8	10	15	7	5	8	14	0	12	12	15	15	8	6	15	6	13	13	12	7	10	13	7	8	7	8	11	5	7	6	5	10	8	14	14	9	9	11	9	9	13	7	7	15	6	7	10	8	15	10
13	14	11	5	5	6	12	8	0	14	6	6	8	6	12	15	9	8	13	11	12	15	12	6	11	7	6	14	7	14	8	10	10	11	8	6	11	11	15	8	12	6	5	6	7	6	9	9	5	13
9	12	12	9	12	7	14	15	5	0	10	10	6	9	13	5	15	9	15	15	6	15	15	11	6	13	7	9	6	9	10	10	5	7	9	12	10	14	5	14	9	13	11	14	8	10	5	15	6	5
13	7	14	5	15	8	11	6	10	6	0	6	11	6	5	7	11	6	13	8	13	14	5	9	11	10	7	7	15	6	10	14	7	7	9	10	5	14	11	8	5	14	10	5	14	11	6	9	15	13
9	9	11	10	11	9	10	10	15	6	9	0	11	10	5	13	11	11	8	7	11	12	14	14	8	14	13	8	6	5	14	13	5	14	15	5	8	12	6	15	6	14	15	13	10	7	10	14	14	15
6	5	6	13	10	11	8	10	11	5	14	10	0	7	15	13	6	12	14	14	5	14	6	12	7	12	15	14	6	7	7	5	6	6	12	11	11	7	5	15	11	8	8	11	7	8	14	10	6	13
11	9	13	10	12	11	7	5	5	9	11	13	7	0	8	7	15	14	11	8	11	13	10	12	11	13	5	13	9	10	6	7	11	11	11	11	7	6	10	14	13	6	6	5	6	14	15	13	11	5
11	13	12	8	10	13	13	9	11	15	7	11	11	9	0	6	12	8	13	15	11	9	9	8	6	6	12	15	15	12	11	11	14	7	12	10	14	15	5	11	11	10	6	12	9	9	13	11	6	11
15	15	12	8	8	14	12	9	9	14	7	8	13	7	7	0	10	6	10	14	15	5	13	12	9	15	13	7	14	8	12	9	5	8	8	14	13	7	12	12	5	8	6	9	6	11	10	13	11	12
8	13	12	7	7	5	12	13	8	5	15	9	6	10	14	7	0	11	7	13	15	11	11	10	11	10	14	7	8	9	7	9	15	8	14	7	8	14	9	12	15	13	13	9	5	5	13	8	7	14
8	10	7	12	13	9	11	15	8	6	6	10	15	6	5	12	5	0	15	11	10	13	14	10	5	15	11	10	11	8	7	6	13	9	13	11	12	11	8	10	11	6	8	14	5	11	13	7	6	9
8	8	10	14	11	6	13	6	8	14	7	7	12	11	7	12	15	14	0	12	15	8	5	14	14	14	10	14	12	8	13	8	14	11	12	7	7	12	12	14	6	15	13	7	5	11	10	12	6	15
7	12	8	15	11	8	14	7	12	7	11	6	14	6	8	9	13	11	5	0	15	13	5	9	13	13	11	10	12	8	5	10	10	11	15	14	7	12	7	5	12	9	11	5	10	11	5	8	15	9
11	12	13	5	10	14	14	9	7	9	13	6	12	12	9	11	12	7	7	10	0	7	8	15	7	8	11	15	8	5	9	12	13	6	7	15	10	8	14	6	6	11	13	11	13	7	11	10	11	10
15	9	10	13	13	14	8	5	9	12	9	7	11	11	6	11	13	5	9	15	9	0	14	7	6	12	12	7	9	13	7	15	9	7	7	9	14	9	6	8	7	12	15	11	10	9	6	8	13	15
9	15	11	6	7	8	15	7	5	9	15	12	9	13	11	6	5	7	15	14	6	10	0	9	5	11	5	14	13	13	13	14	11	8	8	7	9	7	13	12	14	12	11	7	7	8	12	9	5	13
7	15	8	9	11	10	7	15	9	12	10	12	8	13	7	5	11	14	5	14	5	8	8	0	10	14	8	12	11	10	5	5	8	11	14	9	6	13	5	15	11	14	15	13	7	6	14	9	12	6
6	9	10	5	8	9	8	7	9	5	11	7	15	11	8	11	7	7	11	8	12	8	15	12	0	13	6	8	7	15	5	6	12	12	11	12	11	8	9	5	14	11	8	11	7	9	7	10	9	5
14	8	9	8	13	11	10	7	6	11	13	6	12	8	9	14	8	10	12	9	12	12	6	9	13	0	9	15	8	11	12	13	13	9	8	12	12	7	12	13	5	11	6	10	8	7	7	13	10	10
6	6	11	6	6	10	15	15	12	5	13	13	12	9	8	7	6	10	14	10	14	13	15	15	7	8	0	12	9	9	5	12	7	8	7	5	5	15	6	7	7	6	5	14	8	13	8	12	13	9
9	10	8	5	7	12	7	5	12	12	12	11	6	9	15	8	7	6	11	13	6	5	14	6	8	5	15	0	5	15	11	11	10	11	15	14	14	5	14	14	14	11	14	8	14	6	9	15	14	8
11	5	13	11	12	7	10	11	5	10	12	7	15	9	9	9	12	13	8	11	6	8	12	15	6	8	10	12	0	12	5	12	7	11	5	6	6	7	14	9	12	9	9	10	8	5	13	12	5	7
5	11	10	8	7	7	10	8	9	13	12	15	7	13	8	8	14	8	11	10	10	14	7	8	14	7	11	15	14	0	13	11	12	8	8	10	10	11	13	8	5	14	11	6	9	15	11	7	8	10
13	12	15	8	8	8	8	11	13	5	10	9	6	7	14	9	13	13	8	15	7	14	14	6	10	6	8	9	11	6	0	6	11	15	8	14	14	12	10	12	12	14	5	12	8	10	6	12	6	11
9	14	11	13	12	8	12	15	5	13	13	13	15	14	6	5	9	15	9	9	6	7	12	8	11	11	10	13	11	7	9	0	13	12	15	10	15	5	6	6	12	10	6	15	14	10	7	5	11	9
9	6	13	11	11	12	13	6	10	7	14	5	7	13	14	9	11	15	13	12	12	15	9	5	5	10	12	7	13	11	14	5	0	7	10	15	9	14	13	8	6	6	7	13	7	9	6	5	7	12
14	5	7	14	8	7	7	6	5	7	5	12	12	15	13	12	6	6	10	6	10	8	5	13	11	5	6	14	8	12	15	6	8	0	6	5	5	12	12	11	11	7	12	15	6	9	8	13	13	14
13	9	9	14	8	6	7	13	15	6	14	14	7	5	8	5	15	14	13	12	13	8	5	13	15	8	6	7	11	5	11	7	15	12	0	10	13	11	10	15	15	8	14	7	12	13	14	7	14	9
7	12	5	7	7	5	12	7	14	5	5	7	13	10	14	13	14	9	6	6	13	6	7	5	14	12	10	14	9	10	15	6	5	5	13	0	7	15	15	13	6	13	11	10	12	7	5	5	9	12
11	14	10	11	12	13	5	8	15	14	6	9	7	14	15	12	7	12	14	8	12	7	13	12	6	10	13	14	12	15	9	11	13	5	7	8	0	14	8	10	5	15	13	8	10	5	11	11	7	7
9	8	8	10	11	7	7	10	12	14	6	13	12	13	11	8	12	7	9	10	15	13	12	14	13	7	8	10	8	15	12	7	6	6	9	5	9	0	12	6	13	13	10	15	14	7	7	15	11	10
11	8	7	12	11	13	13	15	6	12	12	7	7	14	6	11	6	10	11	6	11	9	14	10	10	11	11	14	9	14	15	9	14	9	9	11	7	14	0	15	9	8	7	7	10	13	15	6	14	8
15	9	10	13	14	5	15	7	5	5	14	5	11	5	6	7	13	9	15	12	15	8	6	11	12	10	11	8	6	5	10	6	15	7	6	12	10	14	11	0	6	6	5	6	8	12	7	13	6	12
8	9	15	6	9	8	14	9	5	14	6	9	14	8	11	6	11	6	14	10	12	5	15	15	11	8	13	15	6	10	15	15	5	8	10	15	5	12	13	6	0	14	13	14	10	10	13	14	12	9
5	8	9	10	11	9	8	8	14	12	9	9	5	7	8	11	15	6	14	8	5	9	10	11	12	13	6	13	10	9	14	14	8	14	5	15	10	10	13	14	5	0	9	13	15	9	12	7	7	13
7	9	6	12	6	7	14	7	6	13	13	14	12	10	12	13	11	15	14	14	8	13	11	12	10	10	5	14	5	11	14	11	11	11	5	7	8	6	8	5	12	13	0	13	9	11	13	15	11	5
8	15	7	13	6	11	14	5	12	6	11	13	8	6	5	14	6	15	8	11	5	15	14	5	8	13	7	15	14	11	15	5	9	9	11	12	8	8	8	5	12	15	15	0	14	11	15	13	11	11
10	13	6	6	10	14	6	10	5	14	11	13	6	5	14	10	9	6	12	12	14	14	12	8	13	14	7	5	5	10	6	10	14	13	14	12	8	12	15	6	12	10	12	9	0	15	6	7	10	13
8	15	5	7	7	7	11	12	6	15	5	7	5	11	10	12	12	5	5	10	8	15	13	9	13	14	14	15	9	8	7	6	13	7	9	8	9	6	14	9	9	15	11	6	7	0	6	12	15	15
5	11	15	10	15	5	11	11	13	13	10	8	9	15	6	9	9	15	6	13	10	5	13	15	7	12	7	5	9	14	6	10	11	7	12	10	10	6	8	8	12	10	9	5	5	12	0	13	6	5
11	13	14	10	9	13	5	11	5	6	14	8	15	9	14	9	5	12	10	10	14	15	10	13	7	12	11	14	8	14	12	8	11	8	9	12	6	15	8	8	8	5	13	15	7	9	11	0	9	9
9	6	8	13	13	13	9	11	13	15	10	8	13	15	13	12	8	9	9	15	5	12	9	12	8	13	10	14	15	12	10	5	10	14	15	14	14	14	14	8	12	11	10	15	10	8	6	8	0	9
8	10	14	15	5	6	11	14	13	12	8	5	12	5	15	10	15	6	15	7	9	11	14	15	14	6	6	10	9	13	9	12	6	9	10	14	14	5	7	14	7	12	8	6	14	9	5	14	14	0
