75
1	 36	 1072	 1074	 4	 4
2	 21	 802	 803	 4	 4
3	 11	 1092	 1111	 3	 7
4	 26	 1090	 1094	 3	 9
5	 14	 1177	 1184	 2	 2
6	 23	 1145	 1155	 7	 10
7	 10	 1193	 1205	 2	 2
8	 21	 1279	 1297	 2	 5
9	 14	 1358	 1367	 1	 8
10	 35	 832	 842	 9	 9
11	 20	 935	 949	 4	 8
12	 34	 1162	 1164	 7	 10
13	 32	 859	 873	 8	 10
14	 5	 1009	 1013	 9	 9
15	 35	 1000	 1018	 4	 8
16	 37	 1037	 1052	 1	 3
17	 16	 1077	 1097	 1	 1
18	 7	 1103	 1108	 5	 10
19	 23	 1281	 1284	 2	 5
20	 5	 760	 777	 7	 7
21	 11	 1231	 1234	 3	 6
22	 16	 1286	 1306	 1	 6
23	 15	 769	 776	 2	 4
24	 31	 873	 892	 4	 8
25	 23	 1149	 1154	 3	 6
26	 19	 1161	 1181	 7	 9
27	 8	 928	 937	 5	 5
28	 6	 1256	 1272	 2	 3
29	 33	 987	 996	 1	 1
30	 19	 1332	 1343	 4	 4
31	 20	 966	 985	 4	 10
32	 7	 757	 768	 2	 2
33	 6	 1240	 1253	 10	 10
34	 37	 1148	 1158	 2	 3
35	 22	 916	 934	 4	 8
36	 12	 1032	 1042	 4	 4
37	 28	 917	 925	 1	 4
38	 23	 1245	 1263	 6	 8
39	 35	 890	 906	 2	 5
40	 30	 977	 997	 8	 8
41	 18	 910	 919	 4	 8
42	 15	 1001	 1009	 4	 5
43	 34	 753	 763	 1	 9
44	 23	 873	 886	 4	 5
45	 13	 1236	 1252	 8	 9
46	 5	 1240	 1258	 3	 3
47	 15	 939	 956	 2	 2
48	 8	 782	 798	 3	 9
49	 21	 1173	 1179	 2	 6
50	 20	 946	 950	 2	 8
51	 21	 1236	 1240	 1	 2
52	 24	 1343	 1345	 4	 5
53	 15	 905	 913	 2	 2
54	 22	 791	 801	 1	 3
55	 19	 1236	 1252	 8	 9
56	 5	 1269	 1275	 2	 4
57	 13	 804	 823	 4	 8
58	 39	 1350	 1364	 3	 6
59	 25	 1318	 1321	 4	 10
60	 7	 830	 833	 7	 10
61	 35	 1033	 1042	 2	 3
62	 20	 947	 959	 4	 9
63	 11	 894	 911	 1	 4
64	 19	 935	 953	 6	 6
65	 36	 1008	 1022	 1	 6
66	 37	 1356	 1361	 1	 2
67	 21	 978	 985	 2	 8
68	 5	 825	 836	 1	 8
69	 29	 1180	 1200	 1	 2
70	 17	 1151	 1163	 2	 5
71	 24	 870	 885	 6	 7
72	 16	 1063	 1083	 5	 10
73	 15	 1005	 1008	 3	 3
74	 24	 1114	 1119	 5	 5
75	 20	 1057	 1065	 2	 5
0	5	7	11	11	8	11	8	7	5	12	14	15	11	11	15	15	14	12	8	11	14	7	11	13	12	12	12	7	7	15	6	5	11	5	7	14	6	10	15	15	7	8	6	6	10	14	6	11	5	11	8	10	10	8	15	9	12	9	7	15	11	10	8	5	13	12	5	15	11	14	13	8	8	6
6	0	13	11	9	8	14	5	6	15	14	13	8	10	7	15	11	5	5	9	13	12	15	7	8	9	13	9	14	9	11	14	6	14	10	10	5	7	11	12	13	5	10	11	6	11	5	10	13	9	11	9	6	11	15	12	7	12	5	9	10	14	15	12	14	6	11	5	6	11	14	6	13	13	7
7	5	0	7	15	5	15	7	15	5	12	7	9	12	9	8	10	8	14	15	13	6	15	9	11	14	8	14	9	7	6	14	15	5	6	12	15	5	10	8	5	5	13	14	5	13	15	8	13	8	13	12	13	9	5	6	6	14	10	10	12	9	5	8	5	14	13	12	14	13	14	5	12	5	12
11	7	13	0	8	9	14	12	14	7	7	7	5	7	14	5	6	7	12	10	11	15	13	9	8	11	10	13	14	7	9	5	12	6	13	7	13	8	9	6	12	5	11	7	11	9	7	8	15	11	7	7	12	8	8	15	15	6	14	7	6	6	14	12	13	13	11	13	11	12	7	5	14	10	14
15	10	14	11	0	11	15	8	6	13	8	11	9	5	13	5	12	12	8	8	8	10	12	13	12	7	15	10	15	6	13	13	14	6	7	14	12	7	14	10	7	7	14	11	12	6	15	6	14	5	10	9	10	13	9	8	8	12	8	5	11	11	11	7	14	9	8	7	13	12	15	14	6	10	10
8	12	12	9	6	0	5	5	8	15	8	14	7	15	14	13	13	8	11	11	12	9	6	7	11	15	9	10	12	11	14	13	8	5	12	15	14	7	9	7	12	7	8	6	15	14	12	15	8	6	11	5	13	7	6	6	11	15	10	7	12	9	15	10	7	14	10	12	12	12	7	13	10	13	11
12	10	5	8	9	5	0	9	14	11	15	9	12	14	12	9	5	14	7	10	11	10	12	9	6	10	7	12	8	14	8	11	13	15	15	5	8	10	9	9	13	12	15	6	6	12	15	10	6	10	13	7	9	9	11	6	12	8	11	12	7	9	7	8	8	14	11	5	9	12	15	12	7	11	14
11	5	10	9	9	15	8	0	15	9	14	14	14	6	10	8	10	10	15	5	7	6	15	6	13	7	10	9	14	7	10	6	13	15	7	12	12	13	11	8	11	9	15	13	13	10	13	11	12	14	5	5	12	11	13	12	11	8	6	6	5	14	14	7	9	12	15	11	8	10	8	12	7	5	10
8	7	5	9	7	9	14	5	0	9	14	11	6	7	9	15	13	7	10	8	11	12	10	9	12	13	8	11	15	14	12	15	12	7	7	12	8	8	10	15	12	12	11	10	12	8	9	13	8	11	11	7	12	9	8	7	13	7	7	7	15	14	10	15	6	11	11	9	9	15	13	5	5	12	14
13	9	11	13	13	8	9	5	13	0	6	5	15	15	12	13	14	13	10	7	11	9	12	5	13	13	6	9	7	5	13	9	13	15	15	11	8	5	15	12	14	6	10	5	12	9	6	11	7	8	6	9	7	15	6	12	8	14	12	11	5	6	7	13	12	11	9	13	9	14	12	12	13	7	11
11	14	5	14	10	8	11	8	8	14	0	13	14	13	14	9	8	7	8	13	6	11	6	13	5	15	13	7	11	14	6	7	12	8	13	7	13	10	7	11	15	7	5	9	5	8	14	7	10	7	6	13	10	8	7	9	10	13	8	14	5	5	7	9	13	15	13	9	10	14	9	12	14	15	10
13	15	9	8	8	11	8	11	7	13	11	0	9	9	10	8	14	14	10	12	9	7	10	13	6	10	9	11	9	12	13	5	6	12	5	9	15	14	9	14	10	13	5	5	8	9	11	8	10	5	11	12	8	8	9	13	14	6	11	5	10	9	14	6	9	8	7	7	7	7	13	6	14	7	5
8	8	15	6	15	15	5	9	8	10	11	5	0	9	13	9	5	5	13	11	6	15	8	12	14	12	6	15	9	15	12	13	8	5	9	11	13	7	7	5	13	8	12	13	14	7	9	13	13	7	11	5	8	15	6	7	9	12	8	13	13	6	12	10	6	5	12	12	11	9	8	5	6	8	13
11	12	11	9	7	10	15	15	15	14	13	14	6	0	13	10	11	7	9	9	14	6	6	8	9	9	9	9	9	8	7	15	8	13	5	11	14	8	11	14	5	8	15	10	13	12	11	13	13	14	6	6	5	5	5	11	7	7	15	11	8	10	11	12	14	12	5	11	13	8	9	6	6	11	6
6	7	9	15	10	10	12	9	8	8	10	11	13	14	0	15	6	7	11	7	10	12	8	9	11	9	12	15	7	10	6	13	9	13	6	12	14	14	8	15	11	9	5	13	10	12	15	8	15	9	10	15	9	8	7	11	14	13	10	12	6	9	5	15	5	5	14	12	15	12	6	6	14	9	9
13	10	12	12	7	11	13	8	15	7	5	6	12	14	15	0	8	14	6	9	7	15	14	10	14	10	11	11	13	6	12	15	13	12	5	15	12	6	6	13	5	10	15	9	10	10	13	10	10	5	10	6	12	9	11	14	11	13	8	13	7	15	15	7	14	9	11	15	15	15	10	13	11	11	5
5	6	10	15	13	5	14	8	12	7	10	14	13	13	14	6	0	13	13	10	12	11	5	7	5	9	9	15	7	12	8	6	6	10	5	15	8	13	10	8	14	8	6	11	5	5	13	8	8	15	8	11	13	8	15	8	9	11	8	8	13	15	10	14	11	5	11	6	7	15	10	15	12	12	14
7	12	9	15	13	6	5	11	15	13	11	11	8	11	13	10	11	0	9	11	13	11	15	13	12	9	8	10	11	6	7	14	7	7	13	11	13	12	14	13	15	8	5	8	11	9	15	7	6	11	15	11	7	14	11	8	13	11	8	12	9	7	14	8	14	9	10	15	13	12	14	10	14	10	9
6	7	8	9	12	10	6	5	8	9	9	10	7	5	11	6	14	9	0	10	12	8	5	7	10	11	13	5	6	11	12	11	15	6	7	7	9	13	15	10	11	7	7	8	14	10	8	7	13	9	13	9	13	8	10	14	12	11	10	7	12	7	6	9	15	6	10	8	10	8	8	6	9	12	5
11	12	10	11	15	11	7	14	11	8	15	13	8	13	5	10	8	8	8	0	15	13	13	5	10	12	14	5	14	15	11	12	7	9	12	15	14	11	9	7	10	10	10	7	8	11	7	8	9	5	12	5	8	15	11	6	15	8	9	13	11	14	8	5	14	13	5	5	13	9	9	6	9	12	14
11	5	12	15	10	13	12	10	15	12	9	6	9	5	13	11	14	9	12	9	0	13	5	6	14	7	12	8	14	14	9	15	7	12	8	7	10	10	13	8	14	9	6	6	7	12	13	13	15	12	11	6	13	12	12	8	12	7	9	9	14	9	11	7	13	10	11	12	15	5	10	6	14	13	13
15	8	11	8	8	10	11	8	10	11	5	5	14	9	11	12	9	14	13	15	10	0	13	7	13	5	13	14	15	8	7	11	8	13	15	7	12	15	10	11	9	15	13	15	7	9	10	7	9	10	11	14	13	6	14	13	15	9	8	7	10	5	11	9	14	8	11	5	8	14	5	12	14	8	11
10	15	8	15	6	12	11	5	13	11	13	8	7	8	7	6	7	11	8	8	6	9	0	14	8	13	9	10	12	8	12	9	14	8	11	7	14	14	9	11	9	12	5	14	12	15	15	6	14	10	14	7	8	15	11	13	12	7	5	14	7	7	7	9	10	11	13	11	5	7	15	11	9	7	8
6	12	14	14	15	15	14	13	6	14	5	14	15	7	10	7	12	15	6	15	10	5	10	0	10	6	5	7	15	5	11	12	15	9	12	8	13	5	11	15	7	15	10	11	11	7	14	15	13	15	14	14	15	9	9	9	9	10	6	8	8	12	14	10	7	6	5	9	8	7	15	9	7	15	10
11	9	13	13	14	7	6	12	13	7	12	10	13	15	6	9	7	11	11	15	7	15	11	7	0	14	11	11	13	9	8	12	8	14	14	15	14	5	7	8	14	9	6	13	11	12	11	12	12	10	13	9	13	7	7	13	12	10	15	10	6	6	5	11	14	14	6	13	8	7	10	10	15	8	9
7	6	12	9	7	13	7	5	6	11	5	7	12	6	10	8	15	6	11	5	14	9	15	14	11	0	7	5	14	5	7	6	9	15	11	12	12	9	12	11	9	12	15	11	12	5	8	7	12	12	6	12	11	5	7	5	9	9	7	12	10	13	6	8	6	15	8	6	5	9	9	15	11	6	7
14	15	11	9	7	11	10	10	5	15	14	11	10	8	6	11	14	15	7	9	7	11	11	5	10	10	0	8	13	12	7	7	11	15	10	8	14	15	6	5	7	5	15	7	13	14	14	15	13	6	15	9	7	8	5	15	5	5	11	6	11	15	14	11	11	6	5	14	11	12	9	12	13	11	8
7	14	7	10	14	10	15	14	10	14	6	9	8	12	7	8	15	12	13	6	15	5	15	6	9	8	12	0	6	6	8	15	15	15	7	7	15	12	8	13	8	6	6	14	8	5	11	11	12	9	7	6	5	5	9	14	7	12	9	9	7	10	12	13	11	8	13	15	5	11	11	7	12	5	7
10	11	13	14	13	13	6	11	12	13	7	12	5	15	8	9	8	15	7	5	12	15	13	12	11	6	10	8	0	14	14	14	9	9	5	5	15	7	11	9	13	5	7	12	12	14	15	15	7	10	8	13	12	7	5	6	7	15	15	15	10	6	5	11	11	12	11	9	9	11	12	12	8	12	15
14	10	13	15	8	13	15	13	11	11	9	5	5	11	15	13	8	10	7	9	13	5	5	14	15	5	6	11	11	0	5	12	15	10	7	10	7	8	12	10	13	8	13	8	5	11	15	6	10	14	7	14	11	15	7	11	9	6	11	12	14	8	8	11	9	9	8	7	14	9	14	8	13	10	12
6	11	15	7	14	10	11	7	11	6	15	6	9	8	9	9	11	10	10	12	11	8	6	12	14	12	10	5	10	6	0	13	6	8	14	8	14	13	11	9	15	15	6	13	8	9	6	11	7	12	9	12	5	14	6	12	8	10	14	13	8	9	11	7	9	7	11	12	10	15	6	15	10	6	9
8	13	14	7	10	8	7	13	12	8	15	9	14	15	7	15	12	9	15	5	14	5	12	6	11	14	6	15	11	5	15	0	15	13	15	12	11	8	5	10	8	10	9	10	15	6	11	6	12	9	12	14	7	9	8	7	15	13	15	5	9	12	5	8	14	9	11	8	9	13	9	6	8	7	12
6	14	9	7	12	7	11	11	14	9	5	6	9	8	14	5	7	9	13	8	13	10	6	14	6	9	6	8	9	9	13	9	0	7	13	9	14	10	14	10	8	5	13	11	10	11	9	10	10	14	11	7	9	7	10	7	12	11	9	11	15	9	11	13	10	8	8	10	15	10	6	6	8	9	11
8	14	11	9	14	10	14	15	10	5	14	9	9	6	8	14	11	7	8	7	5	7	15	7	10	6	8	11	14	5	7	12	8	0	10	10	15	7	15	12	14	8	12	13	13	6	14	11	6	14	8	11	6	14	10	5	10	11	5	10	15	7	5	11	8	7	8	8	5	7	9	15	14	5	13
5	11	10	5	8	8	11	8	13	13	13	14	11	6	10	7	11	13	7	14	14	11	8	7	15	8	9	5	5	7	13	13	9	15	0	15	13	10	12	12	14	14	10	14	14	6	15	15	11	7	11	7	9	10	14	11	8	5	9	6	12	6	5	13	13	12	14	12	15	9	12	13	11	12	9
10	14	14	5	15	14	5	11	9	11	10	9	11	14	5	5	14	10	11	10	12	13	12	7	12	5	6	5	5	8	13	5	12	6	13	0	11	7	7	14	8	9	7	10	15	5	6	10	12	11	12	12	12	15	11	13	5	10	7	6	15	10	8	11	13	6	13	8	12	9	5	11	7	10	15
8	6	14	15	15	13	7	9	5	14	8	13	13	10	15	9	9	5	13	9	11	12	14	7	11	5	6	5	6	5	12	5	8	13	5	14	0	15	12	5	7	13	11	11	6	9	9	14	5	7	14	12	6	14	8	11	11	9	8	8	14	11	14	6	14	12	6	10	7	10	12	10	10	12	9
8	6	10	13	15	11	6	5	8	12	13	14	15	6	13	14	5	6	5	8	13	7	12	8	11	6	10	6	14	9	5	15	11	9	7	10	12	0	12	10	9	9	5	13	10	6	6	11	6	14	15	10	6	11	11	10	10	15	8	7	11	7	11	8	12	8	15	5	5	6	15	15	13	10	15
14	14	11	13	11	9	11	13	15	7	9	12	8	15	15	8	5	9	9	14	5	5	10	6	6	12	11	15	12	10	6	9	15	15	9	13	15	8	0	10	10	6	12	5	5	11	15	5	9	11	7	13	12	8	6	15	12	8	13	5	7	13	12	5	10	8	6	10	10	10	9	13	7	9	12
13	15	5	13	14	15	10	14	6	7	12	13	9	6	7	15	7	8	10	15	5	10	9	11	10	14	5	11	12	11	15	10	8	11	11	8	15	10	15	0	14	11	11	13	14	11	15	5	15	13	10	8	15	13	6	13	5	15	7	8	14	15	14	8	5	11	10	10	9	9	7	5	5	8	14
8	10	13	9	8	13	13	9	11	7	15	6	6	5	15	5	10	14	6	14	6	9	5	13	15	13	6	14	15	14	12	11	13	14	12	13	13	7	9	12	0	13	7	15	9	15	7	7	5	9	15	13	6	5	6	10	11	8	6	10	12	11	12	11	10	6	6	10	10	13	12	13	8	15	14
10	8	11	10	11	6	7	12	14	5	12	9	8	5	13	9	12	8	11	5	6	9	7	11	13	9	9	14	14	14	5	5	8	10	5	10	9	13	8	12	11	0	5	8	14	6	13	14	12	15	7	7	15	5	10	9	12	10	14	9	13	6	11	13	5	10	6	7	7	10	9	10	6	9	5
14	10	8	13	15	11	12	5	9	7	9	5	8	13	13	5	7	10	10	15	12	14	13	15	5	7	12	13	6	10	11	13	14	11	10	15	6	9	11	13	9	5	0	8	9	6	5	5	14	13	9	5	5	5	6	12	8	9	14	8	10	10	10	6	14	6	15	6	5	15	12	14	14	9	14
12	12	5	8	14	14	5	15	7	5	9	13	11	5	13	7	12	14	5	8	8	7	9	12	8	12	15	13	9	15	5	6	13	10	6	8	14	8	14	15	12	9	15	0	5	13	14	5	13	12	8	11	12	13	15	13	10	7	13	15	7	15	13	10	5	11	7	15	7	5	8	6	15	15	7
15	9	15	8	12	8	13	6	7	10	8	10	7	5	6	5	6	8	10	5	15	11	11	14	15	9	11	12	5	10	9	5	9	9	12	12	8	12	14	10	5	8	7	11	0	6	14	12	7	12	15	6	9	13	12	11	5	14	7	12	13	15	6	10	15	12	13	6	6	12	7	11	12	9	12
11	6	9	8	15	6	11	11	7	15	15	5	8	15	7	5	7	12	14	10	14	14	13	13	12	9	13	7	7	15	11	10	10	9	15	10	11	11	9	8	8	9	14	6	12	0	6	11	14	12	6	8	8	9	10	5	9	7	15	9	9	8	13	7	12	14	13	10	11	7	8	13	9	12	13
12	5	6	9	8	15	7	11	7	11	5	5	9	6	13	6	10	9	12	10	6	13	7	7	5	6	5	15	9	7	10	11	10	12	11	13	10	15	5	8	9	11	15	7	12	8	0	6	12	5	10	12	8	11	9	8	14	15	13	13	5	6	15	15	13	14	10	9	15	5	11	6	6	5	6
7	7	11	6	7	5	9	10	9	10	12	6	11	12	6	15	10	12	12	11	5	14	10	9	7	7	6	8	11	5	14	5	7	8	8	15	10	5	14	5	15	5	10	7	9	11	6	0	15	11	5	7	9	8	9	13	9	12	15	15	11	13	15	12	9	11	10	12	6	9	15	13	7	6	7
9	10	5	8	11	12	8	9	11	11	14	7	7	7	8	8	13	12	7	5	7	9	14	8	7	13	15	5	6	11	13	15	9	7	12	6	8	15	10	12	10	8	9	10	7	15	13	13	0	5	13	8	13	10	7	10	10	12	14	10	11	11	8	12	14	11	7	11	15	11	14	11	8	7	10
10	5	5	12	12	14	11	11	8	8	9	14	14	7	10	9	15	11	10	9	6	7	7	11	13	7	14	15	14	6	9	7	12	8	5	6	5	15	11	9	5	15	12	9	14	11	13	6	12	0	5	13	5	10	6	6	9	11	15	11	12	5	10	10	12	7	11	5	6	14	6	15	13	11	5
8	15	7	9	14	6	10	13	9	15	15	8	7	8	9	6	14	13	5	15	5	12	7	8	5	14	14	11	11	5	8	11	13	7	15	5	10	15	7	10	12	14	9	5	10	15	7	12	6	5	0	9	15	7	10	5	9	13	7	8	6	12	5	5	13	15	11	13	8	10	14	5	13	8	15
8	14	10	11	9	12	9	13	10	10	7	11	13	7	10	7	5	9	6	10	11	12	15	14	10	11	7	12	9	12	15	10	10	9	11	11	11	10	15	10	8	8	11	10	8	9	12	6	15	15	5	0	8	6	5	9	11	6	14	15	11	15	15	6	5	11	13	13	6	8	7	6	9	6	6
11	14	7	10	6	6	13	7	11	9	15	12	5	15	12	11	13	13	15	13	12	9	12	8	10	12	10	13	14	6	13	9	5	12	15	13	8	6	5	6	13	7	15	10	7	6	10	6	9	5	13	5	0	15	12	12	15	7	5	15	10	8	12	14	15	15	11	14	13	15	5	7	6	7	12
12	14	8	12	6	15	14	6	6	7	14	9	13	9	12	15	5	5	10	5	13	10	15	14	9	13	9	8	13	8	15	8	9	6	7	12	14	10	11	13	8	14	8	5	12	6	5	13	15	15	11	11	8	0	7	14	5	6	14	14	15	7	15	12	12	5	6	9	15	7	12	12	11	13	12
6	15	8	12	13	13	9	8	6	10	14	10	15	7	5	6	9	10	8	14	11	7	13	6	13	8	6	15	14	14	14	11	7	9	6	10	14	6	14	13	11	5	12	7	13	9	10	13	11	10	9	11	8	13	0	11	15	5	7	13	5	15	12	8	7	7	11	7	15	12	8	15	11	12	7
15	14	11	9	14	10	7	5	5	14	5	15	13	7	14	10	7	11	9	5	12	6	6	5	15	9	13	6	6	7	14	12	5	11	15	12	5	15	9	12	6	6	15	9	9	8	11	15	5	10	11	10	8	7	13	0	10	8	14	7	9	10	6	14	15	14	7	9	12	14	7	7	5	12	6
10	11	5	12	8	7	12	5	15	6	5	11	12	8	10	14	6	8	7	9	12	15	7	8	7	10	9	15	15	13	11	8	12	10	8	11	13	13	13	12	11	5	8	15	5	5	12	14	11	7	11	6	15	5	7	11	0	7	12	9	8	12	15	11	8	8	11	8	5	15	14	10	11	6	15
5	7	12	7	11	15	13	14	11	11	9	15	10	14	13	10	12	15	6	8	11	12	9	8	7	14	5	15	9	14	9	7	5	9	6	15	14	15	8	13	5	10	10	7	9	7	13	10	8	7	11	7	15	15	8	15	14	0	8	13	5	8	6	7	9	9	8	13	15	14	5	6	13	7	11
11	6	15	11	12	14	10	10	12	5	10	9	13	8	12	7	13	13	7	10	15	7	6	8	5	8	9	7	15	9	13	8	8	14	13	15	8	10	6	12	11	6	10	10	12	14	7	8	5	6	8	5	14	13	8	9	7	7	0	8	8	14	12	6	9	6	8	9	12	15	11	13	8	9	6
15	5	8	8	8	10	7	11	6	7	12	5	13	14	11	14	14	14	13	13	12	11	14	9	15	12	12	15	11	8	12	10	5	9	10	13	13	11	5	15	11	6	15	14	14	13	8	10	8	7	10	11	13	8	7	10	6	14	6	0	5	11	14	13	7	13	14	7	11	12	11	8	13	8	5
12	5	7	6	8	12	9	8	14	9	11	12	9	8	10	12	6	7	12	10	15	14	15	7	7	14	14	11	7	12	6	8	6	14	9	10	9	9	8	10	6	9	10	8	8	6	15	6	6	6	6	5	7	13	9	11	9	8	12	9	0	15	13	5	15	6	15	5	9	11	9	13	15	15	10
5	5	7	11	13	7	5	6	5	10	8	7	7	9	5	13	12	12	14	7	10	14	11	11	13	8	5	8	8	14	15	5	14	15	10	7	5	8	6	8	9	15	12	8	15	10	10	6	10	12	5	13	9	9	15	7	15	9	7	13	9	0	15	14	9	12	10	12	14	13	5	10	9	6	9
12	15	8	14	13	6	8	6	6	13	6	7	15	9	15	14	12	14	5	5	15	6	10	8	9	10	10	5	14	11	10	10	5	10	8	9	6	8	10	15	5	6	14	9	10	15	5	9	8	14	6	13	11	9	15	5	11	10	10	13	9	14	0	5	5	11	5	13	13	5	10	5	10	15	14
12	6	8	13	6	6	13	7	11	7	10	7	13	14	12	5	15	15	14	8	10	7	5	12	8	11	14	9	12	12	11	14	8	15	12	9	12	13	8	11	8	10	9	13	11	7	8	15	8	15	13	10	10	7	11	12	15	9	7	8	12	6	8	0	9	15	12	12	8	6	13	11	8	5	6
15	5	10	5	6	12	10	14	6	5	5	15	9	8	10	10	8	8	9	15	9	11	8	7	6	15	8	11	11	12	9	7	15	8	15	14	11	15	10	8	13	5	14	6	5	7	8	12	9	10	9	11	14	7	11	10	8	5	11	10	14	6	9	9	0	7	8	5	9	9	10	15	9	9	7
14	15	12	11	5	8	14	8	12	14	14	13	8	10	13	9	12	11	14	15	5	10	15	6	5	6	15	5	10	9	8	12	13	9	12	6	6	9	11	8	5	14	10	7	7	9	10	11	13	5	14	11	10	9	12	8	5	13	15	5	11	13	15	15	7	0	9	6	15	8	9	5	13	7	10
12	14	7	15	7	10	9	6	9	14	6	11	6	7	7	12	7	14	15	13	9	11	11	15	12	15	5	9	7	9	6	15	5	10	9	12	8	6	14	6	8	15	10	6	13	8	5	10	6	9	11	15	5	14	10	14	12	7	9	14	14	12	15	14	9	10	0	5	8	6	11	8	5	13	14
14	15	7	6	5	15	10	9	8	11	6	12	8	11	9	8	6	6	14	14	7	15	14	8	8	15	9	10	14	15	14	5	7	10	9	7	13	11	15	13	5	13	6	5	15	11	8	9	8	9	10	15	7	8	9	11	6	14	8	14	11	6	12	8	5	7	11	0	11	13	11	7	7	9	11
12	10	12	15	11	6	8	10	12	6	10	15	10	11	7	7	10	5	8	11	10	13	11	12	13	5	12	8	9	7	12	13	11	9	9	5	11	15	13	14	14	6	15	7	6	11	8	7	12	15	6	13	12	11	15	5	12	8	12	10	12	8	5	9	12	10	9	7	0	10	14	6	13	14	8
9	15	9	12	9	7	6	12	8	11	6	15	9	15	7	7	9	10	5	6	7	5	14	10	14	11	9	12	10	10	12	11	15	12	8	15	10	15	11	6	5	10	13	11	15	8	13	6	8	6	5	12	12	11	7	12	9	15	13	15	15	14	9	14	15	15	13	6	10	0	7	15	11	15	8
15	6	7	8	10	9	7	13	12	7	6	14	9	12	12	6	7	6	7	11	11	8	9	14	7	10	6	8	12	11	14	7	9	9	7	15	7	9	14	5	12	15	11	13	5	15	10	15	11	5	9	7	6	14	10	10	14	8	7	5	10	10	6	10	8	6	13	7	5	5	0	13	14	6	14
7	9	5	12	15	7	12	7	15	10	9	5	6	9	13	5	10	5	8	11	5	11	11	8	10	9	15	7	13	5	9	11	12	8	8	15	10	8	5	13	15	8	7	6	12	13	8	9	9	5	8	12	15	8	13	5	6	8	11	9	8	5	13	11	11	6	11	12	14	11	13	0	8	8	11
11	12	14	12	5	5	11	9	9	5	10	11	12	5	12	6	7	6	6	10	12	9	15	5	11	11	14	9	8	7	10	5	11	8	6	12	13	5	12	9	9	13	12	10	8	13	15	11	5	15	12	9	9	14	14	15	11	15	7	8	15	15	14	8	15	9	15	13	7	5	8	13	0	7	10
11	8	8	11	7	11	9	7	9	12	10	5	9	12	13	14	13	13	14	15	10	10	8	14	11	14	14	12	6	13	15	13	12	15	10	9	11	10	11	10	15	15	8	6	6	11	8	6	14	7	9	6	5	5	13	5	8	12	9	15	13	8	7	12	11	11	8	5	8	8	10	11	12	0	5
14	13	7	14	15	9	7	5	11	13	12	11	8	7	15	11	5	12	10	15	9	15	7	15	6	6	11	6	11	13	6	15	8	7	8	14	5	10	8	12	15	14	14	14	8	5	11	10	11	5	14	9	11	5	7	10	12	6	15	12	6	10	5	15	11	12	13	11	12	7	10	14	12	14	0
