75
1	 10	 1704	 1719	 3	 8
2	 20	 1659	 1672	 5	 7
3	 38	 1570	 1570	 2	 6
4	 11	 1895	 1901	 1	 9
5	 8	 1324	 1337	 4	 8
6	 7	 1004	 1013	 3	 10
7	 28	 909	 927	 4	 7
8	 10	 1386	 1394	 3	 10
9	 36	 1111	 1116	 4	 8
10	 10	 1007	 1012	 2	 3
11	 19	 1658	 1662	 2	 3
12	 29	 916	 919	 3	 3
13	 25	 1718	 1730	 1	 8
14	 38	 1925	 1929	 2	 8
15	 19	 1425	 1432	 1	 1
16	 35	 1526	 1543	 1	 7
17	 27	 1730	 1736	 2	 7
18	 13	 1597	 1598	 5	 8
19	 21	 1710	 1717	 4	 7
20	 6	 946	 959	 1	 2
21	 5	 1762	 1764	 6	 6
22	 35	 1655	 1662	 6	 6
23	 20	 1300	 1313	 8	 10
24	 5	 994	 1010	 6	 6
25	 35	 1396	 1403	 3	 8
26	 29	 1098	 1112	 1	 1
27	 14	 1416	 1432	 3	 10
28	 15	 1428	 1436	 1	 1
29	 18	 1222	 1240	 8	 9
30	 9	 1607	 1615	 4	 6
31	 36	 1890	 1906	 2	 2
32	 20	 1500	 1512	 1	 3
33	 39	 1015	 1024	 1	 6
34	 40	 1245	 1249	 2	 7
35	 15	 1217	 1232	 3	 3
36	 16	 1578	 1596	 3	 5
37	 6	 1613	 1630	 2	 4
38	 9	 1853	 1866	 7	 7
39	 12	 1836	 1842	 1	 2
40	 9	 1444	 1463	 7	 7
41	 21	 1936	 1944	 3	 7
42	 39	 1281	 1282	 4	 8
43	 25	 1520	 1532	 5	 9
44	 11	 1165	 1166	 2	 9
45	 8	 1313	 1333	 1	 4
46	 21	 1476	 1478	 6	 10
47	 8	 951	 954	 5	 6
48	 17	 1227	 1233	 1	 1
49	 6	 1230	 1244	 6	 6
50	 39	 1419	 1420	 2	 2
51	 19	 981	 981	 2	 6
52	 38	 1072	 1075	 3	 5
53	 35	 904	 917	 4	 4
54	 20	 948	 955	 8	 8
55	 10	 1173	 1183	 6	 10
56	 11	 1742	 1758	 8	 9
57	 40	 1351	 1359	 2	 5
58	 27	 965	 977	 4	 6
59	 17	 1058	 1071	 1	 3
60	 27	 1130	 1130	 2	 2
61	 16	 1878	 1889	 7	 9
62	 19	 1618	 1625	 1	 2
63	 21	 1056	 1072	 4	 7
64	 5	 929	 941	 4	 5
65	 5	 1031	 1035	 2	 2
66	 39	 1254	 1268	 2	 8
67	 17	 863	 877	 1	 2
68	 33	 1887	 1901	 1	 1
69	 19	 1757	 1774	 1	 3
70	 17	 1064	 1072	 3	 4
71	 28	 1445	 1456	 2	 3
72	 38	 1357	 1375	 1	 5
73	 27	 1576	 1589	 3	 5
74	 29	 1600	 1610	 6	 8
75	 6	 1702	 1704	 1	 2
0	11	13	12	8	5	6	5	6	8	9	13	13	13	13	8	9	10	8	9	5	6	9	10	15	11	13	12	7	9	9	11	15	14	7	5	5	11	5	6	6	11	12	14	8	10	10	8	5	5	15	8	13	10	6	9	15	10	12	8	13	14	5	5	14	5	15	10	7	13	15	6	13	13	8
8	0	11	9	15	9	8	11	14	7	10	8	14	15	9	12	9	6	5	10	9	5	9	7	5	7	9	11	14	12	10	8	15	14	15	15	6	6	7	15	6	10	12	6	8	15	9	11	7	10	5	5	6	5	13	11	12	7	7	5	13	5	5	12	9	8	13	9	8	12	11	9	8	7	6
9	8	0	14	9	7	15	15	15	6	15	8	14	14	13	15	15	7	9	8	8	5	6	10	12	8	15	7	6	7	8	9	9	6	10	6	9	8	12	8	14	12	10	5	15	11	14	13	12	9	14	13	14	7	10	9	9	15	9	15	12	11	9	14	12	14	8	13	6	13	15	9	9	14	12
10	7	14	0	13	6	10	6	9	15	5	10	15	5	13	10	5	6	15	6	7	14	10	9	7	10	15	12	13	12	13	5	12	13	8	15	14	9	8	6	14	8	11	6	12	11	9	14	10	7	5	8	8	13	15	6	10	7	5	5	5	12	10	11	8	9	13	7	10	10	12	7	8	15	10
9	6	14	6	0	14	8	13	12	12	12	14	7	15	11	5	14	14	6	11	15	13	6	10	15	15	7	5	13	12	8	10	10	8	9	5	10	5	13	10	12	8	11	12	13	13	14	12	9	6	8	12	14	15	13	14	6	12	15	14	14	8	14	6	5	14	9	8	12	14	9	6	15	7	10
12	11	13	13	13	0	10	9	8	14	9	12	15	15	6	15	11	11	7	7	14	9	13	13	12	13	11	5	10	5	10	13	9	12	6	6	13	13	6	7	12	13	5	9	14	8	5	14	6	8	5	9	12	6	15	9	14	9	6	14	7	9	8	12	10	13	14	15	5	9	5	8	15	5	10
10	8	7	6	10	12	0	5	9	14	8	13	11	11	13	14	5	15	14	13	6	6	13	8	10	13	9	10	14	7	10	9	7	6	14	5	5	14	10	14	14	5	13	6	8	5	9	15	8	13	9	10	15	14	10	13	7	5	8	10	15	5	8	7	11	10	5	14	12	9	5	5	6	6	8
11	12	11	8	5	7	5	0	14	8	8	14	13	14	13	6	12	6	9	8	11	13	7	11	10	5	13	14	10	7	9	11	8	15	8	14	7	5	12	10	8	11	15	9	11	8	13	10	9	15	9	14	11	12	7	10	6	11	9	11	12	15	14	11	6	11	15	7	12	13	14	10	9	9	6
14	5	13	10	7	6	10	14	0	13	15	12	12	15	11	8	9	5	13	5	14	8	11	10	13	10	14	14	10	6	8	12	14	14	11	10	5	10	12	10	9	9	12	8	14	5	15	12	14	5	5	12	5	11	12	11	8	5	6	12	11	7	11	13	8	14	7	15	10	8	15	12	7	8	6
5	14	5	6	8	9	7	8	8	0	14	5	10	8	11	7	7	7	10	9	7	10	12	12	5	7	8	12	7	7	5	13	8	9	8	11	14	8	10	13	15	6	15	7	11	12	12	8	8	9	5	7	10	9	13	12	12	5	10	14	14	13	9	6	12	7	8	10	5	14	8	8	6	8	13
13	5	10	15	12	12	12	5	12	6	0	13	12	13	9	14	8	5	5	7	9	7	6	14	9	6	10	14	10	8	14	9	8	14	14	13	14	8	15	11	11	10	9	7	5	13	14	8	7	8	10	10	11	9	11	10	6	9	7	5	12	13	8	15	7	14	12	7	12	5	9	5	7	15	13
6	10	9	15	8	5	13	5	7	15	12	0	9	10	5	11	14	11	15	9	13	12	12	5	5	14	11	8	13	14	6	12	6	14	14	5	5	10	12	8	12	7	8	7	6	13	15	10	11	10	10	9	6	6	15	13	7	13	6	11	7	15	5	9	8	8	9	13	14	7	14	6	13	5	11
9	5	10	13	7	10	9	11	13	9	8	15	0	11	14	9	10	5	9	10	11	12	6	15	10	8	10	7	14	7	10	8	12	5	15	7	15	12	13	11	15	6	5	14	15	10	11	6	13	14	5	15	8	10	13	9	11	14	9	8	9	8	13	9	10	9	9	13	13	15	8	9	9	5	11
13	7	5	14	12	12	10	8	14	8	14	7	11	0	8	14	11	5	11	8	11	8	10	11	14	11	11	14	5	7	12	10	12	8	13	12	12	6	12	8	7	9	7	8	5	8	8	5	9	11	10	13	8	10	12	15	9	12	9	10	6	5	5	5	6	5	12	9	14	15	10	15	10	8	15
6	14	11	13	8	5	9	15	6	14	12	9	14	10	0	14	11	8	15	14	6	14	5	12	9	12	5	15	14	8	14	12	9	13	10	10	11	7	5	11	9	12	5	9	7	15	8	6	11	14	7	7	13	6	6	6	10	13	9	6	10	10	11	12	10	9	8	13	10	6	14	9	14	11	6
7	14	11	11	15	8	8	6	7	7	10	6	13	10	15	0	8	12	13	10	7	9	6	6	10	8	7	10	9	5	11	6	13	5	14	6	8	12	9	13	14	15	12	9	8	13	13	15	15	9	9	13	12	5	8	8	6	7	15	15	12	14	8	7	13	14	5	9	8	15	10	10	11	14	5
14	14	9	12	12	7	15	13	11	6	15	15	14	13	15	5	0	7	6	11	15	8	7	10	10	8	9	15	7	14	9	6	14	6	6	14	14	14	12	5	15	10	9	6	14	14	5	9	11	11	6	10	8	9	13	6	5	9	12	14	6	14	5	12	6	9	12	10	6	7	8	7	15	15	9
11	10	5	11	8	10	14	6	11	12	7	11	15	5	6	13	8	0	9	15	6	5	12	7	8	7	8	12	5	12	11	11	15	14	14	13	11	9	13	15	13	5	5	15	14	5	13	11	14	12	15	14	15	9	8	13	9	11	13	6	6	14	14	8	12	13	15	5	15	6	11	7	6	13	6
9	6	14	7	9	9	10	8	8	6	7	11	5	6	5	10	13	8	0	14	15	8	8	5	15	15	9	7	8	9	12	5	8	8	7	13	13	8	10	8	10	13	7	15	9	6	6	9	6	10	8	9	5	13	10	8	11	7	12	6	7	8	5	6	15	13	14	10	8	6	11	15	8	13	13
15	6	11	8	13	15	8	7	11	10	8	7	9	11	15	14	9	11	7	0	6	6	11	6	6	6	15	15	7	12	14	9	8	15	14	8	10	11	9	9	9	9	10	8	11	11	8	8	13	6	12	6	14	11	13	15	11	9	13	7	6	13	9	5	11	9	12	9	6	12	5	13	11	13	10
13	15	15	6	15	10	13	9	14	15	9	15	11	14	8	9	8	5	14	5	0	13	5	6	7	13	6	12	15	15	8	9	8	13	10	8	14	8	12	15	14	9	13	15	15	7	10	13	5	7	12	15	10	11	11	13	5	6	8	15	5	7	11	14	13	9	15	12	5	15	7	14	8	7	10
8	6	14	13	8	6	15	14	5	14	6	6	6	10	10	7	9	9	13	13	5	0	8	15	9	11	5	15	15	13	9	5	7	15	5	7	11	10	14	11	10	8	10	13	11	12	11	13	7	5	9	12	7	9	15	8	7	8	12	13	11	9	8	8	14	11	7	5	11	13	10	15	14	10	14
14	11	6	9	10	9	10	11	14	5	5	5	5	5	6	14	13	10	14	6	10	9	0	5	13	13	12	11	11	14	5	11	7	13	6	8	12	6	9	8	14	10	11	7	13	15	15	8	6	13	15	6	6	12	10	14	5	12	12	13	15	5	13	14	12	9	14	11	7	15	9	9	8	15	10
9	12	14	14	13	7	9	9	15	12	8	10	10	12	10	12	5	7	11	5	9	6	6	0	6	15	12	6	15	10	7	10	10	14	11	7	15	13	7	6	5	15	5	12	12	15	11	6	7	6	11	8	12	7	9	12	6	6	12	5	15	10	8	5	9	14	11	8	13	14	8	11	6	5	5
13	11	6	10	11	10	11	7	11	6	6	14	5	10	5	8	14	12	14	11	13	9	8	8	0	6	9	15	11	14	6	13	12	12	13	11	11	15	10	6	15	15	13	13	6	14	10	13	13	6	5	14	8	11	9	15	15	5	5	15	12	7	12	6	13	11	11	5	13	15	6	6	5	11	6
6	14	10	5	7	10	6	5	6	5	7	15	12	14	13	15	7	11	6	10	7	7	5	11	13	0	11	7	11	6	7	7	5	8	15	6	7	7	13	6	14	8	11	10	8	8	8	6	8	13	10	7	12	8	11	7	14	5	10	6	5	14	13	12	6	12	12	11	12	12	13	9	14	13	9
9	15	12	9	12	12	14	10	9	8	14	8	12	12	6	6	5	11	9	9	14	9	14	8	7	15	0	13	10	7	12	6	12	14	14	5	11	13	8	8	15	8	9	15	12	15	15	6	15	9	7	8	13	14	15	14	10	12	9	10	6	10	8	9	6	12	5	6	10	12	10	9	13	8	11
14	6	5	14	7	10	7	10	15	9	8	14	15	11	15	9	13	9	8	7	15	8	14	5	15	5	10	0	6	9	6	14	14	5	8	8	5	14	14	14	10	15	12	10	11	8	14	8	11	8	14	10	13	7	7	9	9	5	5	9	14	5	5	13	9	12	10	9	13	6	15	5	11	6	7
14	14	9	8	6	14	10	13	10	11	15	6	9	6	11	15	14	8	12	14	12	11	13	14	10	6	8	13	0	14	10	10	12	5	6	6	9	15	10	14	11	11	5	6	12	8	15	15	11	6	15	6	8	5	15	15	13	9	11	14	11	15	14	11	15	5	10	13	5	13	5	6	12	15	15
7	11	11	13	7	7	6	9	9	13	5	6	9	9	12	8	5	8	11	11	11	8	9	8	14	8	15	10	8	0	13	11	12	9	9	13	6	15	6	5	6	12	11	11	13	11	8	10	10	13	13	15	10	12	10	5	11	6	9	15	6	7	10	14	15	13	11	14	12	15	6	13	10	5	15
12	7	9	10	11	13	6	9	10	15	12	15	15	6	15	7	15	14	13	10	7	8	12	12	9	14	10	6	6	11	0	7	5	15	6	14	5	13	6	11	6	12	7	8	15	10	9	10	6	6	5	6	15	14	12	13	12	9	14	9	9	7	11	6	11	5	11	13	5	14	9	7	12	5	13
7	11	10	15	7	12	12	15	6	15	10	13	11	7	5	6	6	11	7	15	12	6	5	15	7	8	9	10	5	11	7	0	9	8	12	7	15	11	14	13	8	14	14	11	9	5	15	9	12	9	7	6	15	7	14	6	11	8	11	10	5	7	11	12	14	6	13	8	13	7	8	7	7	7	11
15	7	7	12	14	9	8	10	8	7	7	14	7	14	10	9	8	14	8	14	8	12	15	15	7	11	8	13	9	15	15	7	0	10	15	8	11	5	9	9	11	10	14	10	15	15	11	14	15	14	11	6	9	12	6	10	13	9	12	12	6	8	15	6	10	7	12	13	11	14	12	7	7	9	6
14	11	15	9	9	6	13	8	12	11	8	5	11	13	8	6	11	10	9	12	6	14	6	8	15	14	5	11	13	5	7	7	6	0	15	7	12	14	8	14	8	8	11	12	14	6	12	8	10	6	11	10	9	9	9	12	11	9	15	10	13	10	12	7	5	6	5	8	7	13	8	12	7	15	5
11	6	11	13	9	13	5	14	9	13	8	6	15	14	7	14	10	5	7	5	5	10	13	12	10	6	15	11	10	13	6	5	6	5	0	6	6	14	14	12	15	13	8	11	11	11	6	10	8	5	12	11	9	14	11	6	7	11	12	7	10	13	5	6	10	15	6	6	12	15	10	10	12	6	12
12	15	12	5	6	8	15	9	11	8	14	5	15	13	8	5	7	12	8	6	6	10	7	12	11	14	8	10	15	12	15	6	10	6	9	0	13	14	7	12	8	15	8	5	13	7	9	11	15	12	14	15	10	14	12	6	15	6	11	15	9	14	11	12	14	5	9	7	15	11	13	5	11	14	13
7	8	7	6	5	11	14	8	10	6	10	12	9	8	6	14	6	14	12	5	7	12	15	11	6	13	10	9	14	12	13	12	7	6	7	7	0	9	8	13	5	7	11	13	14	7	11	10	15	15	10	7	13	12	8	9	9	14	12	14	10	12	9	10	12	7	10	15	5	6	5	12	6	9	14
12	9	6	11	6	14	12	8	12	13	9	13	10	11	14	7	13	7	15	5	7	7	12	11	8	11	6	9	15	12	5	12	13	7	12	9	15	0	5	14	7	9	14	9	15	9	7	15	11	9	12	15	12	9	8	10	9	10	5	15	14	15	7	8	10	6	9	7	8	8	6	11	6	7	6
7	14	12	14	8	8	7	13	14	5	13	10	7	5	5	13	7	12	7	7	9	14	8	9	15	14	5	7	11	12	5	15	11	6	14	10	12	7	0	7	8	12	11	8	14	14	12	6	9	10	11	10	13	6	12	5	10	13	15	9	15	15	9	13	5	15	12	6	14	7	12	8	9	8	13
6	7	9	14	15	10	10	5	11	9	15	7	13	13	10	11	8	5	5	8	10	9	9	11	13	10	6	12	7	9	5	10	9	12	5	6	9	15	8	0	15	11	5	11	8	8	13	10	6	7	9	6	14	13	10	6	10	15	10	5	8	12	9	6	12	10	6	12	10	9	12	10	8	6	6
15	6	11	11	14	13	12	15	11	15	6	5	15	13	9	14	15	6	13	6	6	10	10	9	15	10	12	5	10	9	5	10	15	6	7	12	6	11	5	7	0	10	6	13	10	11	12	10	8	6	14	7	14	11	9	15	6	14	14	13	12	6	15	7	10	15	9	13	12	10	13	7	10	5	10
7	6	9	7	10	9	15	13	10	12	15	9	11	13	13	7	15	14	9	11	11	8	14	6	13	14	8	6	8	15	7	13	11	8	15	8	15	14	7	15	9	0	6	12	13	14	13	6	14	6	8	10	9	7	9	6	9	13	5	6	10	6	14	8	7	9	11	15	12	6	5	12	8	8	9
5	15	12	12	9	6	7	5	5	9	13	6	12	11	11	12	7	11	10	5	9	5	14	7	14	9	12	15	5	13	12	12	13	9	10	14	5	12	6	12	8	9	0	15	14	8	14	8	13	7	11	9	11	7	14	8	8	10	14	9	15	9	6	7	8	8	9	9	5	14	9	11	6	12	12
10	12	6	9	7	5	6	10	10	10	6	12	6	10	10	6	6	8	12	11	9	9	11	10	15	13	8	6	9	14	10	10	14	9	15	12	12	11	10	13	15	9	13	0	8	8	11	13	11	13	5	8	9	14	15	15	11	5	6	13	8	12	5	8	13	11	15	11	6	5	12	12	11	6	6
9	15	7	12	6	14	5	7	10	13	15	6	12	9	7	10	7	7	11	10	6	10	15	14	7	6	11	11	12	7	8	13	9	10	12	15	10	10	11	12	15	5	13	12	0	9	13	6	5	12	8	8	7	7	10	8	12	7	6	8	12	13	10	10	7	14	11	14	7	14	14	14	15	15	7
13	10	5	12	6	15	9	5	8	5	7	8	12	5	6	10	9	9	9	10	13	15	11	10	8	7	12	14	12	9	5	11	12	11	11	10	15	11	9	14	6	7	13	13	11	0	11	5	12	11	7	11	14	13	15	5	9	6	8	8	10	7	9	9	9	13	10	14	6	11	13	13	5	6	9
11	15	5	10	11	9	12	10	13	12	11	12	10	12	13	15	13	13	9	13	10	14	8	7	12	14	8	8	6	7	5	12	10	15	11	15	8	15	12	9	13	12	10	8	9	6	0	5	7	10	15	7	10	11	14	10	15	11	9	9	6	13	11	7	10	8	14	13	11	10	13	10	7	8	10
10	11	12	6	14	13	15	11	15	14	10	9	15	8	14	9	7	15	10	14	14	5	15	9	8	12	5	5	8	5	9	12	5	8	8	6	6	14	14	7	15	12	11	11	11	5	5	0	7	15	7	8	9	10	7	8	14	11	6	10	10	9	9	14	5	11	12	6	9	5	6	12	14	14	7
10	5	5	8	14	12	13	10	5	11	9	13	9	12	15	13	6	10	13	13	5	8	7	15	9	10	5	7	13	13	15	12	10	10	6	10	5	8	9	12	9	12	15	9	7	6	8	7	0	10	12	11	5	5	11	14	13	15	6	10	7	8	5	12	10	5	12	15	15	13	12	15	11	12	6
12	12	15	11	5	15	6	14	5	13	8	5	8	9	6	9	7	12	6	9	5	6	13	7	15	11	11	7	12	14	5	8	7	10	12	14	7	5	10	9	13	15	11	8	11	15	12	8	12	0	12	11	9	7	5	5	8	10	14	6	12	6	11	6	5	6	15	11	15	5	10	12	14	11	15
5	8	9	15	10	10	11	5	5	8	7	7	8	7	13	7	11	13	15	7	8	11	10	13	5	15	15	11	5	11	8	6	12	9	12	14	15	15	9	14	14	13	13	13	6	7	13	15	7	10	0	6	15	10	5	5	9	6	9	13	8	11	13	12	7	8	10	15	13	6	12	6	15	7	8
9	10	5	13	15	10	10	9	6	6	13	9	10	6	15	8	12	6	15	13	6	10	9	12	10	8	15	7	15	5	10	12	9	7	6	13	10	10	15	7	12	9	13	7	10	14	14	9	10	14	6	0	8	15	6	5	5	6	7	11	10	8	11	5	15	15	13	5	15	5	6	11	12	9	9
13	6	11	5	10	5	14	10	15	15	14	8	5	5	15	13	6	15	13	5	5	11	11	14	12	12	13	15	6	14	5	13	13	13	10	12	5	12	12	9	8	6	5	5	14	8	14	5	10	12	6	9	0	10	9	13	13	6	15	8	7	10	10	6	11	13	14	11	6	8	15	7	12	14	7
6	12	10	14	8	14	6	14	5	11	10	13	14	9	14	11	15	9	8	5	9	11	10	7	13	5	12	13	10	11	6	15	5	10	11	13	14	15	12	8	7	14	14	6	7	10	12	10	10	13	13	6	11	0	12	10	13	11	15	8	10	10	9	5	9	11	8	14	12	15	6	7	14	8	12
12	15	7	6	6	5	13	12	11	8	15	14	10	15	6	14	6	11	5	12	9	9	13	5	7	14	7	6	7	15	6	11	6	13	9	7	11	6	14	14	9	7	14	15	12	12	11	12	15	9	9	11	11	8	0	10	14	12	5	9	12	7	15	10	15	12	5	14	12	12	6	9	13	11	10
12	7	7	15	9	9	8	7	12	15	6	8	9	6	5	13	5	12	8	11	7	9	13	15	6	7	11	13	5	7	12	5	15	6	9	6	13	13	11	14	7	8	11	10	10	11	7	12	14	14	10	10	8	10	12	0	7	9	13	8	7	5	12	12	14	15	8	9	11	8	5	11	8	9	9
14	13	14	13	5	5	15	7	13	11	15	11	9	7	9	12	11	15	11	10	13	10	5	10	8	14	11	14	13	10	12	5	9	8	15	9	14	11	15	10	11	10	15	10	8	11	13	14	15	11	10	13	7	8	10	9	0	14	8	11	13	11	7	5	14	15	7	9	8	5	14	8	6	8	15
9	5	12	6	11	8	10	8	8	9	8	5	11	6	10	10	14	12	13	14	10	8	8	14	7	13	12	9	10	10	13	10	6	6	15	13	15	5	7	10	10	8	5	9	7	13	8	7	5	13	15	6	12	8	8	10	13	0	13	14	12	10	5	7	15	7	6	10	15	14	9	12	12	6	5
10	8	10	8	5	12	9	8	10	6	15	10	6	8	9	6	7	7	11	5	8	12	5	14	14	10	6	12	15	13	14	15	10	14	6	8	11	9	10	6	12	14	11	8	12	9	13	7	10	12	10	8	15	8	9	14	9	6	0	12	9	5	9	8	15	10	10	11	11	11	10	13	11	8	9
9	9	5	7	14	6	5	7	6	13	8	13	7	6	9	9	10	10	8	15	5	8	15	7	15	8	13	7	12	12	6	12	8	15	8	11	5	8	10	12	14	7	7	13	13	14	13	8	5	12	6	8	5	11	11	14	6	13	13	0	7	15	9	10	15	15	15	15	9	5	13	14	6	7	7
14	12	5	8	8	8	15	6	10	5	13	12	9	15	12	15	10	7	9	8	5	15	7	14	6	5	6	12	10	10	15	12	13	5	15	6	7	9	9	11	7	10	8	11	15	6	12	12	15	7	12	13	7	11	7	8	6	6	12	11	0	12	13	8	14	6	11	5	14	13	15	13	12	8	9
14	11	15	13	6	10	7	14	12	9	11	5	15	12	5	5	6	13	12	6	8	10	8	11	15	6	11	9	13	9	13	5	12	10	10	15	9	14	6	8	12	9	8	8	13	12	13	5	9	7	5	15	6	9	6	8	8	12	8	8	9	0	7	15	11	9	14	14	6	5	13	10	7	10	14
15	7	13	15	6	11	6	5	5	10	13	15	15	9	9	9	13	9	7	7	12	15	12	9	14	8	15	8	5	12	7	11	15	12	14	5	11	10	11	12	12	9	15	11	7	13	15	13	12	9	13	7	6	9	15	11	15	8	9	15	15	7	0	14	10	9	11	10	11	15	6	8	10	11	8
12	13	8	13	12	10	5	12	14	7	15	7	13	15	11	7	5	9	15	7	8	5	12	12	15	10	11	10	15	14	12	7	5	13	6	14	9	13	6	12	14	11	11	8	11	8	8	6	14	14	11	8	9	9	6	14	10	7	14	8	7	11	14	0	12	8	15	11	10	9	7	8	6	10	8
10	12	10	12	15	14	13	15	12	5	9	14	10	13	9	6	6	10	5	12	12	11	5	8	14	6	8	6	8	9	5	14	5	15	6	10	10	12	5	11	10	14	6	7	10	12	8	9	9	8	8	15	13	13	8	14	13	7	14	11	7	14	12	12	0	5	5	12	9	14	10	14	8	13	15
5	7	9	8	12	15	7	5	14	7	11	10	14	7	8	8	6	11	10	6	8	6	7	11	10	7	9	12	6	5	11	10	7	8	5	14	15	15	8	14	5	7	7	7	10	8	6	9	12	13	11	10	14	7	7	14	14	13	14	14	9	7	14	9	8	0	15	14	13	5	6	14	6	15	6
6	12	5	13	15	6	10	8	11	11	13	8	11	13	11	8	15	11	13	6	13	5	10	7	5	11	11	13	6	10	9	12	10	9	9	14	7	15	7	6	5	8	13	13	10	9	6	14	10	11	5	7	13	10	10	10	14	15	7	6	5	14	14	11	9	7	0	12	10	15	6	11	6	15	10
15	11	14	6	8	5	14	6	7	14	6	11	7	11	15	15	10	8	15	6	10	11	14	5	9	6	7	14	5	6	15	15	6	7	15	5	8	10	15	6	11	13	12	8	5	6	13	8	14	11	15	7	6	9	11	6	6	7	7	12	9	10	15	7	15	12	6	0	15	13	6	5	13	6	10
14	12	5	6	11	15	6	11	7	8	6	12	6	9	8	14	14	8	14	7	10	15	11	7	6	11	10	12	15	13	9	13	10	13	12	13	8	12	6	13	15	7	12	7	14	9	6	6	13	11	8	14	11	5	15	9	9	14	14	10	15	13	10	9	13	10	5	10	0	15	5	13	8	11	11
15	5	15	12	11	11	6	14	5	9	12	14	15	7	7	12	8	15	6	7	13	12	11	5	10	14	5	11	7	8	12	6	15	8	7	13	5	13	6	7	8	8	5	11	14	5	10	13	5	12	8	7	5	11	8	5	7	9	5	12	5	11	13	10	12	10	9	7	13	0	12	10	12	14	15
12	6	7	9	10	6	9	13	10	8	11	13	8	12	5	7	10	12	6	7	8	10	5	6	6	7	9	15	15	11	6	12	15	7	14	12	7	14	14	7	6	13	15	7	13	14	13	15	9	11	10	8	6	13	14	7	13	8	8	7	9	7	13	6	7	6	8	10	8	11	0	5	12	14	13
6	6	10	13	15	15	15	12	13	7	12	6	13	11	8	5	6	7	5	15	15	13	14	14	15	13	7	7	10	12	10	5	14	11	8	14	8	14	6	7	15	9	6	13	13	9	10	12	14	12	6	5	5	5	5	12	5	12	14	14	6	14	15	14	15	9	13	10	6	9	12	0	13	8	5
6	10	7	5	9	7	14	7	6	7	11	10	5	5	5	5	8	5	10	13	8	5	7	8	9	14	12	11	9	14	9	5	12	8	6	6	5	14	7	6	14	13	10	10	13	8	12	9	10	7	14	13	10	5	13	15	11	11	5	9	6	8	12	11	5	8	9	8	12	12	6	10	0	12	9
9	8	8	14	11	5	5	7	9	7	10	6	12	15	5	8	14	15	13	15	5	10	7	15	10	7	8	15	13	14	7	15	8	10	11	14	11	11	10	10	6	11	11	9	12	11	10	8	14	8	12	13	13	8	10	8	5	13	15	8	8	12	14	11	8	11	12	12	12	13	7	10	15	0	8
5	8	5	12	7	14	11	5	8	11	8	13	11	10	5	11	14	5	9	13	14	6	9	10	11	14	8	9	10	6	8	13	11	7	10	8	7	13	10	6	12	10	8	13	6	14	15	8	11	5	8	11	14	10	15	11	6	14	11	13	13	7	10	5	8	15	10	9	5	10	9	9	8	8	0
