50
1	 38	 1390	 1391	 1	 2
2	 24	 787	 793	 1	 5
3	 34	 1058	 1071	 1	 3
4	 31	 846	 858	 3	 3
5	 17	 1211	 1233	 4	 5
6	 37	 788	 794	 5	 6
7	 7	 1308	 1320	 1	 2
8	 37	 787	 794	 1	 7
9	 39	 1076	 1083	 8	 8
10	 20	 643	 660	 5	 6
11	 25	 1255	 1264	 2	 2
12	 23	 990	 997	 1	 2
13	 14	 1270	 1270	 2	 4
14	 26	 1174	 1196	 4	 4
15	 7	 990	 994	 1	 6
16	 6	 692	 711	 8	 8
17	 37	 621	 634	 2	 6
18	 7	 1079	 1085	 2	 7
19	 40	 1214	 1224	 2	 5
20	 12	 1005	 1005	 1	 5
21	 25	 1328	 1350	 1	 10
22	 19	 681	 686	 3	 9
23	 30	 759	 781	 1	 7
24	 26	 1219	 1222	 1	 1
25	 34	 1148	 1156	 2	 2
26	 15	 1142	 1161	 2	 3
27	 21	 666	 676	 8	 10
28	 39	 1239	 1259	 2	 5
29	 13	 1172	 1189	 3	 6
30	 5	 1013	 1027	 6	 7
31	 28	 1049	 1050	 1	 8
32	 17	 1026	 1032	 3	 5
33	 28	 1346	 1355	 2	 3
34	 20	 809	 814	 5	 7
35	 35	 1234	 1248	 4	 4
36	 25	 773	 785	 4	 4
37	 11	 1289	 1296	 2	 2
38	 30	 655	 669	 7	 7
39	 13	 1304	 1326	 6	 9
40	 9	 1176	 1194	 4	 4
41	 5	 740	 747	 2	 7
42	 36	 831	 851	 7	 7
43	 8	 1229	 1247	 2	 4
44	 32	 1191	 1198	 4	 5
45	 31	 898	 909	 2	 2
46	 36	 1375	 1385	 1	 3
47	 28	 821	 843	 1	 2
48	 9	 783	 801	 1	 1
49	 10	 667	 682	 1	 7
50	 9	 789	 798	 6	 6
0	15	8	15	7	9	9	8	11	11	7	9	9	12	12	10	9	14	11	9	6	12	9	11	8	7	8	8	9	7	14	14	14	14	5	6	8	10	13	10	8	8	15	14	12	14	11	7	15	5
13	0	14	15	5	8	12	10	14	8	12	5	8	12	15	11	9	8	12	15	14	13	13	9	7	7	11	12	6	9	7	13	6	10	6	10	14	5	8	6	15	8	14	7	9	5	9	7	7	6
15	13	0	6	12	6	12	6	11	11	12	11	8	13	10	11	14	15	14	12	13	9	13	8	10	10	13	6	9	12	9	11	8	8	10	14	15	9	13	14	13	9	7	11	15	9	13	9	5	11
8	13	8	0	6	11	10	7	13	6	5	14	13	9	8	10	11	11	11	9	5	15	11	13	9	6	5	7	14	11	9	5	15	13	7	15	8	11	7	13	7	15	15	12	12	7	15	12	11	14
10	5	9	7	0	8	9	12	14	8	6	10	9	7	6	13	8	6	12	6	7	7	13	15	6	5	5	8	8	12	14	12	9	8	9	6	5	10	15	7	5	9	13	7	11	14	8	9	11	6
10	15	11	8	9	0	15	12	6	12	5	13	5	9	10	7	7	8	7	15	12	12	12	9	14	14	15	15	14	8	11	10	7	9	12	14	13	7	15	10	9	14	14	13	13	5	11	12	12	14
13	6	7	11	15	5	0	12	14	5	6	13	6	9	10	12	14	10	7	7	7	6	9	10	10	14	5	10	11	10	14	5	5	11	9	7	10	6	11	5	15	15	14	13	6	11	13	10	10	6
12	10	5	10	9	10	5	0	10	9	13	10	5	7	7	10	7	11	10	7	8	5	7	7	11	12	8	6	5	10	13	7	10	10	5	7	7	14	13	13	8	15	12	12	10	6	9	13	11	9
6	7	13	8	8	13	9	9	0	9	13	14	10	12	12	13	8	15	10	6	13	8	10	8	9	11	10	10	8	8	13	6	8	12	12	7	9	15	13	11	10	11	7	11	11	12	6	6	8	8
5	10	13	11	8	15	7	8	12	0	12	13	12	14	13	6	15	15	6	11	5	8	5	6	8	9	11	8	13	10	11	15	14	7	12	7	13	10	14	8	10	11	7	7	15	11	6	9	11	10
9	15	15	6	5	5	6	13	15	13	0	7	7	9	14	13	15	7	12	5	10	8	12	6	6	6	13	12	6	14	12	7	8	14	15	7	12	13	14	14	7	14	9	11	12	8	8	12	5	15
15	11	5	6	14	14	15	13	12	12	12	0	7	12	12	12	7	10	8	6	13	8	8	14	11	10	13	6	7	6	6	12	11	9	11	7	15	15	9	7	7	10	8	12	11	13	6	15	5	15
5	9	8	15	7	7	5	12	9	8	15	6	0	12	5	8	6	9	14	8	12	13	6	14	13	5	5	7	8	15	12	12	15	13	15	15	6	10	6	8	7	10	14	15	14	15	5	14	14	5
11	11	10	12	15	7	5	10	6	9	10	8	6	0	11	6	7	9	8	6	9	12	13	13	10	7	6	12	9	6	13	12	9	6	9	13	15	15	13	11	7	12	14	6	10	14	15	12	15	15
12	7	10	7	9	14	8	14	14	5	7	9	12	5	0	6	5	11	11	13	11	14	5	15	10	5	15	14	8	7	12	6	9	9	6	14	8	5	5	11	13	7	8	5	7	9	5	8	10	13
7	8	12	8	8	12	8	7	6	15	6	14	9	6	14	0	6	11	10	10	11	15	13	15	15	12	6	8	9	7	6	12	14	15	11	9	12	7	6	15	14	10	9	9	5	12	15	12	11	10
6	12	10	6	9	10	6	9	10	6	8	7	14	15	15	14	0	10	7	13	8	8	6	5	9	14	12	11	12	8	8	5	11	13	14	5	10	12	9	5	12	7	7	7	10	5	10	11	8	13
13	5	10	15	8	7	14	5	9	15	15	5	12	14	13	5	13	0	14	11	15	5	11	6	14	13	12	10	7	14	13	9	11	10	14	10	7	15	11	14	10	6	6	13	12	14	14	13	8	7
7	6	10	14	8	14	5	9	5	10	8	11	9	12	13	8	10	12	0	10	5	5	6	12	14	5	13	6	9	15	12	5	7	6	8	10	9	5	11	7	15	12	12	6	7	12	11	9	10	6
6	6	12	10	5	6	7	10	6	13	6	15	7	7	7	9	9	11	11	0	9	7	10	7	14	12	5	12	9	12	10	7	6	9	14	13	9	12	11	12	10	10	9	12	10	13	8	15	7	11
7	5	12	11	5	10	13	5	11	11	11	6	7	15	10	7	11	12	6	8	0	8	8	15	12	8	13	9	11	9	15	13	11	9	9	5	6	13	5	15	15	10	15	6	7	8	7	10	11	14
13	9	14	11	9	6	15	15	12	9	6	12	7	14	12	15	5	8	11	9	15	0	15	12	14	7	12	9	14	11	5	5	5	12	6	8	8	7	11	10	6	7	10	7	9	11	12	13	14	6
6	8	8	14	9	12	7	7	14	5	11	13	8	14	14	6	9	13	7	10	13	15	0	10	8	6	8	5	6	5	7	5	7	7	10	13	11	15	13	7	13	7	15	14	5	14	9	9	15	10
14	12	14	9	8	15	6	12	11	11	15	12	12	6	5	13	11	13	5	7	10	7	8	0	8	13	8	10	11	6	13	12	10	10	13	12	5	14	6	14	6	12	8	14	15	8	12	9	6	14
14	7	10	14	7	5	10	11	11	9	11	10	8	5	15	5	9	12	13	9	11	5	11	5	0	9	11	7	6	5	9	5	6	6	13	10	15	8	5	12	10	6	12	10	5	11	13	12	11	8
14	5	7	15	10	12	11	11	10	15	8	14	7	15	11	12	11	8	15	11	5	9	8	5	8	0	5	14	6	13	12	7	11	11	6	15	10	11	11	6	12	14	13	14	14	15	7	12	6	6
10	12	5	12	8	11	13	11	12	15	12	15	8	10	6	14	14	13	6	8	11	5	15	10	15	7	0	15	9	14	15	11	10	6	8	11	8	6	12	8	9	7	11	7	9	12	15	8	14	13
8	9	10	7	11	8	9	10	7	14	11	5	10	13	6	5	14	6	10	7	13	11	10	13	13	13	9	0	12	15	11	10	15	12	12	10	11	10	6	6	13	6	6	15	9	15	15	11	13	14
8	15	12	5	6	15	13	5	15	15	14	12	6	5	5	6	12	12	8	5	7	12	10	7	5	7	8	11	0	5	11	10	11	13	7	5	7	11	11	8	6	9	9	5	10	9	10	6	10	11
7	11	10	6	5	10	7	11	14	6	15	10	9	13	8	15	9	9	10	7	14	11	6	11	14	9	13	8	14	0	10	15	12	10	13	9	8	7	12	11	5	13	13	14	15	12	8	12	6	13
11	11	15	13	14	6	8	14	10	10	14	10	9	9	9	12	10	8	12	9	12	15	14	10	8	10	12	14	6	8	0	12	6	15	10	7	7	12	13	14	8	6	10	11	6	14	13	5	6	10
8	8	6	5	8	13	13	5	5	10	6	13	5	9	7	7	5	8	14	12	9	5	11	9	11	8	5	14	13	15	14	0	7	11	5	11	11	15	13	5	7	9	14	10	11	11	8	9	13	12
7	12	6	10	11	12	7	5	5	5	6	14	5	15	8	14	13	5	14	5	6	14	12	12	6	9	13	15	7	10	15	8	0	6	10	7	10	5	12	9	14	5	14	10	7	13	14	9	6	12
9	13	9	15	12	8	6	11	6	11	13	10	5	7	7	11	14	11	6	13	14	5	7	9	15	11	9	12	6	7	7	8	14	0	13	14	15	15	9	8	5	13	14	5	14	13	5	9	10	6
8	15	11	7	11	12	10	11	7	11	8	12	9	5	11	13	10	12	13	14	15	9	9	6	13	8	13	10	6	5	7	15	13	11	0	14	6	8	14	10	6	12	6	11	11	8	7	5	12	5
9	7	15	14	13	5	6	15	12	7	5	12	11	11	14	5	9	11	9	15	6	5	7	5	15	14	13	11	11	6	9	5	7	14	6	0	6	13	6	14	7	14	8	15	8	11	5	5	12	5
15	14	13	5	5	13	9	10	11	6	8	9	5	6	8	5	8	15	9	7	12	12	13	11	9	14	8	6	7	13	12	5	5	11	10	9	0	12	7	12	14	7	9	14	9	9	10	10	13	8
11	15	14	8	13	14	12	14	11	8	12	7	14	13	5	10	11	8	13	5	10	7	12	15	14	8	14	8	8	12	5	13	15	8	8	8	13	0	15	6	6	10	5	7	8	10	14	14	5	10
9	10	12	12	9	13	12	8	12	11	8	10	9	8	12	8	13	11	13	14	9	13	15	7	6	14	15	12	11	5	9	6	11	6	6	6	7	13	0	14	5	15	10	9	14	8	5	14	12	10
8	9	11	7	9	9	10	15	5	7	11	9	11	11	13	13	13	11	5	6	10	5	13	6	10	9	8	5	9	6	7	14	9	9	8	8	13	5	9	0	10	15	14	6	11	10	5	8	15	11
12	15	5	11	14	9	10	8	11	15	9	13	11	5	5	8	14	9	10	11	8	13	14	8	10	10	11	12	11	9	13	12	13	8	8	12	13	12	10	14	0	14	11	8	13	15	8	15	13	10
5	6	5	6	6	9	15	12	11	6	8	7	14	13	11	8	15	10	6	6	10	5	9	8	13	11	11	13	8	6	5	10	6	12	11	9	6	5	8	13	14	0	13	5	10	15	12	15	9	13
6	12	5	5	12	6	11	14	14	7	11	5	12	12	7	15	12	13	5	15	11	5	14	5	13	5	9	8	6	8	10	6	5	9	8	11	9	15	5	7	13	11	0	7	10	13	8	8	5	10
15	8	9	10	13	12	11	10	5	11	6	9	6	13	15	15	13	15	5	7	5	12	14	10	13	5	8	15	7	13	15	14	7	9	11	7	9	5	12	9	10	8	7	0	6	12	11	12	14	9
14	10	13	10	10	6	12	10	9	5	15	8	14	14	15	12	9	8	8	14	5	6	8	11	8	6	11	10	13	5	9	13	6	9	8	15	9	5	14	12	10	15	9	9	0	13	13	14	9	13
5	5	12	11	11	9	13	11	11	11	15	6	15	10	12	9	14	5	13	8	14	11	10	9	5	8	11	8	15	15	11	10	12	11	9	5	7	7	9	7	7	8	10	12	10	0	11	15	15	10
6	11	12	15	10	11	14	14	8	15	10	5	7	9	15	13	13	7	11	11	13	14	6	7	14	10	12	11	8	10	15	11	5	14	15	9	10	15	9	15	10	9	14	10	13	12	0	7	10	10
13	8	10	10	10	15	15	7	13	12	12	9	9	11	5	10	5	13	7	9	14	15	13	14	13	15	9	15	11	9	13	10	6	11	7	10	12	13	12	13	13	11	12	5	15	6	9	0	14	9
7	12	5	15	8	6	8	9	8	6	6	11	13	10	15	9	15	15	10	11	15	10	13	15	15	13	8	14	6	12	13	9	5	8	10	14	10	7	9	10	5	6	5	11	10	15	6	8	0	9
10	9	7	10	7	6	6	15	9	5	7	10	14	10	12	9	14	5	7	15	15	14	13	11	11	5	15	8	13	5	15	8	10	9	6	15	9	7	10	13	15	12	10	8	14	9	11	6	5	0
