75
1	 19	 551	 556	 1	 4
2	 27	 18	 34	 2	 7
3	 32	 301	 314	 1	 10
4	 17	 550	 561	 1	 1
5	 16	 644	 649	 4	 7
6	 31	 -52	 -34	 1	 8
7	 10	 490	 498	 4	 5
8	 9	 458	 463	 1	 1
9	 8	 740	 753	 2	 2
10	 5	 35	 35	 3	 8
11	 29	 427	 438	 3	 5
12	 35	 97	 116	 1	 1
13	 15	 463	 470	 2	 2
14	 12	 290	 292	 8	 9
15	 25	 224	 229	 8	 10
16	 13	 520	 539	 1	 7
17	 10	 81	 90	 2	 10
18	 34	 713	 727	 3	 10
19	 24	 700	 714	 3	 7
20	 4	 297	 313	 3	 5
21	 12	 -200	 -193	 2	 10
22	 25	 615	 626	 3	 7
23	 16	 506	 516	 6	 6
24	 22	 -69	 -53	 4	 5
25	 12	 584	 597	 2	 9
26	 4	 615	 633	 4	 10
27	 14	 364	 367	 2	 2
28	 7	 713	 720	 3	 8
29	 23	 577	 592	 3	 4
30	 20	 740	 757	 2	 3
31	 11	 -4	 7	 4	 7
32	 18	 -53	 -43	 1	 5
33	 10	 -1	 7	 4	 10
34	 31	 645	 664	 3	 8
35	 27	 506	 517	 6	 9
36	 10	 115	 124	 2	 3
37	 4	 443	 446	 4	 7
38	 18	 661	 670	 6	 10
39	 12	 224	 233	 3	 4
40	 17	 14	 28	 9	 10
41	 10	 -136	 -136	 3	 8
42	 13	 1	 17	 2	 8
43	 36	 53	 56	 4	 7
44	 8	 763	 778	 3	 3
45	 34	 -137	 -129	 4	 7
46	 31	 -199	 -187	 4	 5
47	 7	 510	 513	 2	 6
48	 7	 -11	 5	 1	 2
49	 20	 617	 634	 2	 4
50	 19	 244	 251	 4	 4
51	 8	 783	 800	 4	 5
52	 38	 54	 73	 6	 6
53	 22	 177	 193	 9	 10
54	 35	 -205	 -197	 1	 3
55	 29	 -73	 -62	 5	 6
56	 20	 18	 24	 3	 4
57	 32	 444	 451	 1	 1
58	 35	 213	 222	 7	 8
59	 40	 103	 111	 3	 4
60	 16	 -183	 -179	 3	 4
61	 15	 442	 460	 6	 9
62	 24	 710	 720	 3	 7
63	 35	 503	 507	 4	 9
64	 30	 502	 502	 3	 9
65	 14	 364	 370	 1	 1
66	 10	 22	 33	 2	 7
67	 12	 475	 481	 3	 4
68	 35	 156	 169	 10	 10
69	 34	 657	 662	 1	 8
70	 7	 741	 755	 2	 2
71	 26	 -129	 -118	 7	 9
72	 11	 234	 251	 5	 10
73	 5	 199	 215	 1	 1
74	 34	 177	 179	 6	 7
75	 23	 -21	 -5	 1	 5
0	9	8	14	7	7	12	13	8	14	12	9	12	12	8	10	6	6	10	10	15	9	9	11	13	13	8	7	9	11	14	5	7	14	12	12	10	7	7	9	11	10	5	8	9	11	7	10	5	14	6	11	13	10	11	11	6	12	8	12	13	11	8	14	9	5	7	10	14	14	6	12	6	12	11
12	0	13	7	8	9	12	10	7	9	12	15	9	11	6	7	5	7	14	14	15	8	13	10	14	12	7	15	10	6	9	5	11	7	12	5	15	13	9	13	10	11	8	6	6	9	11	13	6	7	14	15	12	8	14	8	5	8	15	9	11	12	9	6	9	11	9	14	5	8	9	8	11	5	5
9	8	0	5	13	15	12	13	13	10	7	9	14	10	13	7	7	11	14	15	14	13	9	12	12	10	12	14	15	7	12	7	14	12	12	15	8	13	15	8	6	9	9	8	9	7	9	5	15	6	13	13	10	14	9	11	8	15	14	6	11	11	5	12	6	9	14	8	13	10	12	12	11	10	10
15	10	7	0	13	11	8	7	9	8	5	14	8	5	12	8	12	8	12	13	15	15	15	10	6	14	6	9	15	9	10	14	8	13	6	14	11	6	11	8	14	8	5	10	14	6	15	7	5	9	10	11	6	9	8	6	12	8	6	12	10	13	7	7	15	7	12	5	15	6	12	6	12	6	14
13	12	10	15	0	14	11	6	5	15	10	10	11	13	14	6	13	9	9	5	13	7	5	8	14	6	13	11	11	6	14	6	5	5	12	10	15	5	11	13	13	12	14	7	9	14	5	8	10	8	12	9	6	12	13	9	9	5	7	5	8	5	5	9	14	9	5	11	8	6	9	7	8	7	14
6	9	7	5	6	0	13	13	10	10	15	14	6	13	6	6	10	10	13	6	5	11	10	11	11	10	7	7	10	6	13	11	11	5	10	13	8	10	7	11	9	8	14	6	9	15	7	15	10	13	9	12	8	10	14	6	6	5	7	10	7	12	14	13	5	5	14	14	5	12	10	13	15	13	15
12	15	14	6	14	5	0	9	14	15	6	7	6	11	11	11	15	5	10	13	7	12	12	9	10	14	12	8	12	5	8	9	13	13	10	15	13	9	6	6	15	8	10	11	14	14	9	15	9	5	15	15	14	7	14	9	6	11	15	12	8	5	15	5	14	6	12	10	8	9	12	6	6	14	5
13	15	8	9	7	5	13	0	6	14	14	10	7	5	7	9	10	9	10	7	7	13	11	8	6	12	14	8	15	8	9	5	14	8	9	11	8	15	13	7	13	14	6	10	5	6	8	11	15	12	12	15	13	8	7	7	5	6	8	15	9	6	5	10	15	7	7	11	5	14	10	13	15	6	10
6	12	7	15	11	6	6	12	0	7	12	7	7	9	8	8	14	8	13	9	14	8	13	5	13	12	11	8	7	9	5	9	14	11	13	5	11	8	12	10	8	14	7	8	6	13	11	5	7	10	9	8	5	7	12	9	12	7	15	6	15	15	8	6	13	9	13	9	10	14	5	15	15	8	10
10	11	12	10	12	5	15	13	15	0	7	9	7	7	7	7	15	7	14	10	11	11	5	8	12	14	9	12	9	12	14	9	7	10	13	12	7	7	14	8	15	11	12	9	15	5	11	12	8	7	6	14	12	6	8	14	7	8	6	10	13	11	10	14	15	8	10	14	10	7	8	8	7	15	6
9	8	7	8	8	7	15	7	9	9	0	8	12	9	5	6	10	7	9	11	6	13	14	15	8	7	9	13	12	14	12	9	7	6	6	11	10	13	12	8	15	5	9	15	15	9	6	14	5	13	10	8	11	7	12	14	8	14	9	7	13	10	9	8	6	14	13	7	11	11	10	14	14	7	10
11	8	9	10	6	9	13	9	10	6	15	0	8	10	12	11	10	10	8	8	11	8	7	12	12	14	10	10	9	9	7	7	7	8	5	15	15	10	13	10	7	10	15	10	7	9	5	8	5	9	7	8	9	10	7	11	6	12	13	12	11	6	15	5	11	15	6	12	10	7	11	7	10	14	12
11	14	8	14	5	9	11	6	7	11	7	5	0	8	14	15	6	7	15	12	13	12	8	5	8	12	13	13	12	13	10	14	6	11	7	6	14	10	9	14	13	11	14	14	10	9	8	15	12	15	6	15	13	8	15	10	13	13	7	14	9	15	15	12	11	12	12	10	10	5	7	12	6	10	8
7	11	8	8	6	10	13	11	12	12	5	7	7	0	6	12	14	11	14	5	10	9	10	6	11	13	15	13	8	14	12	8	14	5	9	5	5	8	11	6	6	15	13	7	13	9	5	9	15	11	13	13	5	14	12	13	14	7	9	15	13	13	10	8	10	14	14	8	12	5	11	7	13	7	5
11	13	6	5	14	5	9	10	8	11	11	15	8	10	0	8	5	8	11	12	8	8	5	7	13	8	10	15	7	12	12	5	15	6	13	13	15	5	9	9	5	9	13	14	8	12	6	7	8	13	15	12	7	8	11	13	11	10	12	15	13	5	5	11	11	8	15	15	9	10	13	11	13	11	12
7	5	7	14	15	8	15	13	9	12	15	7	8	15	8	0	15	10	11	8	14	6	5	10	6	12	12	10	12	6	15	10	8	11	5	10	9	14	9	10	10	14	13	15	8	8	5	15	9	15	6	8	5	12	7	15	9	15	5	12	14	9	8	13	12	10	13	13	12	15	12	13	15	14	11
9	14	8	9	11	5	6	7	14	10	7	7	13	11	5	14	0	5	13	9	10	14	9	13	5	13	12	5	7	13	9	5	12	8	15	10	12	7	12	7	11	10	5	15	13	14	9	14	14	11	14	7	14	12	7	11	6	13	14	13	7	5	14	10	6	7	9	11	7	14	8	8	12	12	13
9	7	9	10	6	14	10	8	11	6	11	15	6	8	6	13	11	0	6	11	7	15	5	14	7	10	14	5	13	7	8	7	15	13	6	9	6	8	7	6	8	8	6	5	13	5	7	10	10	11	15	6	8	10	9	6	12	10	5	15	9	11	9	9	9	15	13	13	10	9	8	9	10	12	11
15	15	12	9	6	7	13	6	9	11	12	7	13	8	9	9	12	15	0	10	10	13	6	11	6	11	14	6	12	13	15	11	12	12	5	7	5	8	11	7	12	5	14	6	13	13	15	7	10	7	7	11	14	11	11	6	10	12	11	9	10	5	10	14	13	7	15	9	11	15	8	12	13	6	14
6	11	8	12	12	11	9	13	10	6	12	15	15	5	11	9	14	12	11	0	5	14	8	5	12	13	11	8	7	13	11	7	7	10	7	15	15	14	6	8	10	9	5	9	13	6	9	7	6	7	15	13	6	6	14	11	14	9	14	6	9	14	9	10	12	6	6	8	11	11	7	8	9	11	8
8	10	7	15	12	9	10	7	9	15	8	7	14	14	13	7	13	8	9	15	0	9	11	9	6	15	7	15	9	13	15	7	14	15	7	10	12	11	5	10	5	12	6	6	15	13	8	5	12	14	8	6	13	15	12	9	14	14	12	5	15	10	7	15	10	6	6	14	13	13	9	9	9	9	15
9	8	13	10	6	5	5	6	14	11	11	14	14	13	13	12	7	10	10	15	15	0	6	8	5	13	5	10	5	10	9	14	11	14	14	8	12	6	15	7	13	7	15	11	5	6	12	11	15	8	14	8	7	10	5	15	6	7	13	12	11	15	14	9	7	6	11	14	7	5	14	14	10	15	8
13	8	9	8	11	11	14	11	6	14	7	8	6	8	15	8	6	14	12	9	7	11	0	6	9	11	5	6	10	8	8	12	7	11	13	11	9	10	10	5	7	8	11	7	8	7	7	7	10	13	8	7	10	13	6	6	9	5	5	5	15	10	9	11	8	15	10	11	12	11	11	6	15	12	14
6	5	10	5	15	12	11	11	9	6	13	6	7	12	6	6	7	7	6	12	6	8	5	0	13	12	13	7	12	7	6	14	13	7	13	10	9	10	6	7	7	14	9	6	5	5	13	12	8	8	6	8	5	14	12	10	14	10	14	14	15	6	5	13	12	13	7	8	15	8	9	14	12	14	9
12	6	13	6	9	14	5	6	11	11	13	15	6	11	12	10	11	11	15	10	11	12	7	5	0	12	11	13	6	12	10	8	15	13	8	14	8	13	11	14	11	11	8	11	13	8	13	15	13	7	6	14	7	10	13	8	13	10	14	15	12	6	6	8	15	11	6	15	9	13	7	13	13	12	10
8	8	12	14	12	10	12	8	10	12	6	9	15	7	9	7	15	15	5	12	13	9	14	6	10	0	5	11	5	15	14	5	11	15	15	5	12	14	11	13	10	13	11	13	10	13	10	12	7	10	14	8	12	7	11	9	8	15	11	8	14	10	14	11	12	11	6	11	5	14	7	7	6	9	5
8	13	11	7	11	11	13	10	13	15	9	6	5	8	6	10	13	8	7	14	5	13	8	15	5	9	0	9	8	5	11	11	5	14	6	10	10	5	9	11	15	6	9	13	12	11	15	5	13	5	10	13	11	5	15	9	8	11	11	9	10	6	15	12	5	7	11	6	6	5	12	8	7	6	9
15	5	6	8	12	15	14	15	15	12	6	10	9	6	15	7	6	11	13	8	10	11	14	7	9	10	9	0	11	10	6	14	6	14	13	5	13	5	5	14	12	13	14	14	5	7	14	12	10	13	13	10	13	6	12	7	5	15	7	15	13	13	10	11	6	9	13	11	14	14	7	5	9	15	12
14	10	9	11	5	9	6	14	6	15	11	9	15	10	12	6	10	12	10	6	6	9	5	15	15	11	9	10	0	9	14	6	7	6	14	6	14	11	7	11	15	12	12	14	8	14	10	11	7	5	6	7	10	5	9	7	12	12	8	12	6	12	5	8	15	6	6	9	10	11	13	11	11	14	14
8	11	13	7	6	9	5	10	11	13	11	5	15	10	15	12	15	13	9	15	10	11	7	11	15	8	6	10	15	0	8	8	6	13	9	15	15	5	9	8	13	6	10	7	15	5	9	11	15	6	12	5	10	5	14	7	10	11	5	11	15	15	15	14	9	6	11	15	6	12	9	15	6	11	8
5	7	12	15	13	7	7	7	11	15	14	11	14	10	13	6	11	9	13	14	15	7	9	13	13	13	7	7	12	6	0	13	5	8	6	11	13	6	10	5	10	11	13	8	14	5	15	8	14	9	13	7	5	9	13	15	6	8	5	6	8	15	12	12	13	12	14	12	12	15	5	6	6	15	10
14	13	7	10	15	6	8	10	7	7	10	6	11	5	13	5	10	8	12	9	13	6	11	10	10	9	14	8	14	5	6	0	5	7	15	8	14	10	15	8	7	6	7	10	5	11	8	9	14	7	15	5	7	9	9	7	8	10	12	6	5	5	9	9	15	15	8	14	11	6	8	12	12	8	13
12	5	6	10	8	13	14	10	11	14	13	15	12	13	8	8	15	10	7	13	13	13	10	10	5	9	11	14	6	15	13	9	0	5	9	7	12	15	15	6	15	6	12	9	6	7	13	9	11	7	12	6	5	13	13	8	8	12	10	10	15	14	11	7	7	14	7	13	9	5	6	15	13	14	6
6	6	11	14	7	10	5	14	13	14	6	11	15	8	14	11	8	9	6	9	6	7	5	11	13	11	15	9	9	5	14	15	15	0	10	15	7	8	9	11	13	10	6	11	9	9	15	15	12	15	9	8	13	7	15	13	5	7	12	12	9	10	7	9	15	9	13	6	13	8	6	11	5	10	12
15	15	9	7	5	12	12	12	11	13	8	8	9	15	15	8	12	15	14	12	13	14	10	8	10	10	9	14	15	6	6	15	12	7	0	15	8	6	5	15	15	11	15	8	5	6	14	14	12	12	12	10	14	7	6	8	10	10	11	13	5	13	14	15	8	5	7	12	10	14	8	8	14	10	15
15	11	10	14	12	11	9	5	14	10	9	10	13	12	9	12	9	10	5	15	7	10	14	14	12	11	9	10	13	11	11	14	14	7	9	0	5	8	10	5	8	13	14	13	5	15	12	12	7	13	11	13	13	7	5	6	14	13	8	12	14	5	13	10	5	9	11	12	8	8	6	14	14	14	10
6	8	7	14	8	7	8	6	9	10	10	14	5	11	10	13	7	13	13	15	7	7	11	14	7	6	14	11	12	9	8	10	12	5	15	5	0	15	13	14	7	11	12	8	7	15	7	15	6	5	8	12	13	14	13	13	12	15	13	15	7	6	14	9	11	13	7	8	6	8	15	8	9	5	5
8	11	12	15	5	11	7	11	11	11	13	12	14	14	12	13	13	15	6	11	7	13	6	8	11	14	6	8	8	5	6	12	11	14	14	12	10	0	14	11	13	7	10	13	7	9	14	6	13	9	13	10	5	7	12	11	12	8	12	13	7	10	9	8	14	13	8	13	6	11	14	11	12	15	15
10	7	15	12	15	11	5	8	5	11	6	7	11	6	9	15	9	8	11	15	8	10	15	11	10	9	7	14	6	6	11	6	9	11	15	14	5	12	0	8	14	12	7	14	9	9	11	8	9	13	10	11	15	12	6	11	14	15	9	6	15	5	6	5	9	8	6	12	15	14	9	7	12	12	10
8	13	13	13	15	8	11	8	14	5	12	14	15	11	11	12	7	13	7	8	13	12	15	15	6	14	11	5	14	12	6	14	14	7	9	8	10	15	10	0	9	6	8	15	14	15	13	7	12	5	6	7	12	12	7	14	11	14	10	7	14	5	6	8	11	6	6	15	6	6	9	10	6	11	11
13	6	6	14	13	10	14	6	8	14	12	6	8	9	9	10	11	6	7	12	10	11	9	5	6	13	5	9	14	15	10	15	14	6	5	5	6	15	6	11	0	15	13	5	13	15	5	5	15	10	15	13	7	9	13	11	10	15	7	8	15	13	10	15	13	15	7	11	5	10	7	8	14	7	11
15	13	14	14	10	15	6	6	8	9	10	11	8	6	11	15	6	11	13	5	5	5	15	13	7	9	12	11	12	13	11	11	15	10	14	11	7	12	14	5	11	0	7	5	11	6	10	9	15	13	5	10	8	15	9	5	13	13	5	7	6	13	9	7	8	8	9	15	8	8	8	13	7	12	9
15	11	9	13	8	10	8	5	11	14	7	6	8	14	15	8	12	7	5	12	14	6	11	11	5	13	15	10	5	8	7	12	15	9	12	8	6	13	13	5	5	9	0	9	9	14	11	6	10	12	11	6	12	8	12	7	15	8	13	15	12	7	13	15	8	13	15	10	7	6	6	9	6	14	10
8	6	6	6	11	14	11	11	14	11	11	11	9	8	10	13	5	12	11	7	15	14	11	14	9	9	6	6	13	15	12	7	7	13	13	10	8	10	8	6	14	15	11	0	5	12	6	6	11	8	11	14	13	11	9	11	11	8	15	8	14	8	7	11	9	9	13	5	12	7	11	5	9	7	11
8	10	15	6	13	5	14	12	10	12	13	10	8	8	9	15	9	9	12	14	11	9	14	6	8	11	5	9	11	11	7	6	8	5	7	14	14	9	6	9	9	12	12	7	0	8	15	12	7	6	8	11	11	13	14	6	14	10	8	9	10	14	15	6	15	6	5	9	15	7	5	5	6	6	7
12	6	6	8	8	5	7	6	9	13	7	7	12	6	11	10	6	15	11	9	13	7	6	11	10	11	14	10	13	9	8	14	14	9	10	10	6	12	9	14	5	8	9	8	13	0	9	6	14	12	9	6	11	9	12	15	14	5	15	6	11	6	15	15	9	11	7	10	5	11	15	12	6	8	8
10	14	10	9	10	15	12	14	11	10	8	10	15	6	11	15	8	10	7	8	11	5	11	9	8	14	9	7	13	7	15	13	10	14	10	7	10	9	12	14	14	13	5	7	13	11	0	5	12	6	13	7	11	7	13	13	12	8	8	8	6	9	5	6	7	13	13	10	11	15	11	13	13	6	10
13	14	10	12	11	9	5	6	9	7	8	14	13	6	15	5	12	5	5	5	5	11	6	11	6	7	10	15	5	13	7	12	7	5	15	14	14	12	11	12	13	14	8	6	7	10	15	0	14	14	6	10	6	6	13	9	5	9	12	14	8	5	11	9	8	14	14	8	11	14	7	11	6	9	10
8	14	15	14	8	10	10	9	13	9	6	14	8	5	5	14	13	14	12	13	12	11	12	15	9	7	11	12	6	12	10	10	13	13	12	8	12	6	13	11	10	12	11	14	11	9	9	6	0	12	9	12	6	15	10	15	7	12	12	7	11	10	8	5	14	10	10	11	7	11	5	7	15	5	8
12	9	8	14	15	12	8	8	12	13	14	7	6	15	10	8	9	15	13	7	13	5	11	14	5	6	14	8	12	11	9	9	10	5	14	8	15	15	15	15	9	8	13	7	15	11	14	12	5	0	14	13	15	12	15	14	11	14	13	10	6	12	8	10	13	10	12	9	6	13	7	13	15	9	6
12	9	10	10	8	8	9	7	10	14	15	5	12	11	12	11	8	13	12	12	6	10	14	15	10	5	5	10	11	10	13	11	10	11	9	14	6	15	12	7	12	10	8	5	13	6	11	7	13	8	0	6	15	14	7	8	12	8	14	12	9	15	9	13	10	9	11	12	14	11	8	10	8	15	5
11	13	8	14	5	6	12	5	5	8	10	13	11	13	6	15	7	10	6	10	12	14	8	14	11	12	11	8	13	5	13	8	15	9	9	11	9	15	8	15	5	8	6	6	8	6	12	13	7	9	11	0	15	13	14	8	12	15	12	13	15	7	12	7	6	14	15	15	12	12	13	12	13	10	8
12	8	9	6	13	11	11	14	8	12	15	11	13	13	10	11	11	13	15	6	7	11	9	12	15	9	11	7	9	6	12	9	7	12	6	7	7	6	6	7	6	15	15	9	8	5	15	12	13	8	15	8	0	9	10	15	13	8	8	15	7	11	10	10	10	10	7	11	13	8	5	14	14	15	6
12	10	9	9	11	6	10	15	9	9	7	15	7	7	6	12	12	5	11	9	14	11	11	15	14	10	6	13	12	5	14	6	5	9	9	7	7	10	12	6	9	13	7	12	12	8	10	5	10	8	13	12	15	0	8	11	11	14	14	13	13	7	7	15	9	12	7	12	15	13	15	9	5	11	8
12	9	7	8	6	13	13	11	14	15	9	5	14	13	15	7	14	11	12	8	13	8	8	8	11	8	12	13	10	6	10	7	11	15	11	13	15	8	11	14	14	5	11	6	8	12	8	8	14	13	15	13	13	15	0	6	14	10	5	11	15	5	14	12	14	9	8	14	15	7	10	10	11	6	14
15	7	5	15	6	7	10	8	5	14	15	6	11	12	12	11	13	13	7	7	9	7	14	9	13	7	13	13	8	8	15	13	8	12	14	6	15	9	9	6	6	9	6	11	15	8	11	5	5	13	13	5	12	14	7	0	14	13	5	15	8	12	5	5	12	8	11	15	15	12	5	13	14	14	11
7	9	10	7	6	8	12	14	12	8	5	10	13	9	6	13	9	12	5	14	8	15	10	12	11	12	8	13	10	14	5	6	8	11	14	5	8	7	12	7	9	13	6	13	11	14	13	13	10	10	11	13	6	15	10	10	0	8	7	6	10	10	13	8	14	12	9	11	8	12	13	12	12	15	15
13	14	13	10	10	9	7	8	5	8	13	6	7	10	14	12	12	15	11	10	11	15	11	9	6	14	12	12	13	12	12	7	11	7	5	9	10	12	5	12	6	8	6	6	14	15	11	7	14	5	10	7	10	9	14	9	15	0	10	14	13	13	15	8	11	8	5	14	15	8	12	5	10	11	11
10	5	8	10	11	7	5	11	15	15	10	7	5	12	5	6	10	7	6	12	9	10	13	14	5	5	13	10	8	9	12	6	10	12	11	6	14	10	5	5	6	5	5	11	5	12	14	14	11	5	5	7	6	7	8	9	15	11	0	7	10	11	6	5	12	6	14	14	5	15	6	9	6	13	5
5	12	6	6	8	11	6	9	11	7	9	9	12	6	9	7	11	13	6	8	15	12	14	14	8	11	6	7	8	5	11	7	9	7	5	7	11	13	8	13	8	12	10	12	14	6	5	12	12	11	11	12	9	12	7	11	5	5	5	0	10	9	8	13	6	7	7	10	12	7	8	14	12	13	13
11	15	15	5	10	5	10	11	11	13	10	14	13	13	10	14	15	11	14	5	6	5	10	9	9	15	14	11	5	8	14	10	10	11	8	12	10	5	11	9	9	15	13	15	8	7	12	6	8	11	10	7	9	15	14	8	7	7	15	8	0	12	14	12	6	15	15	7	5	12	12	10	9	12	13
8	14	10	6	14	14	9	7	15	7	14	12	5	8	9	12	14	9	12	8	7	11	12	15	11	15	7	8	12	14	14	12	7	8	10	5	9	9	15	12	15	9	13	8	6	14	9	7	5	11	15	11	12	10	7	10	11	7	15	15	15	0	10	8	10	8	9	8	7	11	9	6	6	11	14
10	10	6	8	15	14	14	11	13	13	5	8	15	14	12	9	8	6	7	12	14	6	10	7	5	10	10	6	11	5	11	5	14	7	7	7	8	13	14	7	11	12	13	14	15	6	10	15	8	13	11	10	14	6	12	9	15	8	13	9	14	7	0	6	11	13	11	7	10	11	14	8	13	15	12
10	10	11	8	8	7	8	7	10	5	14	9	6	13	10	8	12	11	14	5	5	5	6	6	14	15	12	7	13	6	8	8	9	12	10	7	5	9	6	8	12	7	13	6	7	15	14	13	8	13	6	13	11	12	10	5	9	12	5	8	6	15	15	0	11	13	15	13	5	10	7	14	13	12	13
12	14	7	15	5	5	9	5	12	6	8	9	9	9	9	14	9	9	13	9	6	7	6	15	5	7	9	13	5	7	9	5	8	6	12	9	10	11	6	9	6	11	12	13	7	11	9	6	13	9	5	12	13	10	14	15	10	10	5	8	14	13	8	7	0	8	10	8	5	13	8	14	15	11	7
12	12	9	7	10	12	8	12	13	12	12	11	13	6	14	13	13	8	15	15	8	6	10	8	14	8	9	5	15	5	5	7	5	10	14	9	11	6	7	13	7	5	9	13	14	8	13	6	9	9	14	10	8	9	12	12	14	11	8	6	5	8	13	6	10	0	12	12	14	12	10	11	6	15	6
11	8	5	6	12	14	5	7	5	7	10	13	9	10	14	15	15	8	15	6	15	10	10	15	8	11	6	6	12	10	8	9	15	9	12	10	10	6	6	5	6	11	7	5	13	15	8	7	15	13	9	5	12	11	10	11	10	14	14	5	12	6	8	5	8	6	0	7	13	8	10	13	6	7	10
12	14	6	11	10	15	10	15	15	10	13	11	5	12	14	11	7	11	14	13	13	6	7	12	6	13	7	6	7	7	7	14	12	11	6	6	15	10	15	5	15	5	7	12	8	13	6	13	11	10	13	14	10	9	7	5	9	6	13	12	15	7	15	10	15	10	8	0	8	9	14	11	12	15	12
10	13	9	10	5	14	14	13	7	9	14	15	10	7	11	8	5	6	13	11	13	12	11	12	11	15	8	11	7	10	6	7	14	15	6	9	13	14	7	12	14	8	14	9	14	5	8	10	14	10	5	15	13	11	5	5	10	11	9	10	14	6	12	6	11	9	5	7	0	6	10	13	12	12	13
5	7	5	9	8	6	10	6	13	14	7	8	15	5	14	15	11	15	6	15	5	6	12	15	6	9	7	11	12	9	10	9	12	8	15	8	6	7	13	12	14	15	12	7	9	13	13	10	14	9	12	12	5	10	11	10	6	8	13	14	9	15	8	10	8	8	7	15	12	0	7	5	9	9	10
8	9	13	5	13	6	10	7	9	9	5	14	14	6	6	6	12	8	5	11	8	11	12	13	15	15	13	12	9	14	6	13	14	9	10	13	11	15	7	7	8	15	10	10	7	15	11	9	15	5	8	15	14	6	10	6	11	8	9	5	13	9	9	11	6	10	5	5	8	14	0	7	12	12	10
10	5	5	11	8	9	13	9	15	5	8	9	9	7	10	12	10	11	15	15	7	13	11	12	7	8	6	14	15	13	5	9	14	5	14	13	14	6	10	8	7	6	9	9	9	9	12	12	15	8	9	5	11	8	8	10	9	6	6	14	8	9	11	15	14	6	12	6	6	10	7	0	15	12	10
14	7	13	7	7	14	14	9	9	9	14	11	10	5	11	11	9	15	8	13	11	14	10	10	15	7	7	5	8	12	8	10	14	6	8	13	10	11	14	10	7	14	10	12	15	11	13	10	13	15	14	12	12	5	10	9	7	7	15	5	11	13	15	6	12	10	10	11	8	8	15	15	0	12	11
5	13	13	14	12	9	9	6	8	12	5	10	5	10	13	12	8	13	7	13	6	8	7	11	5	12	13	8	5	10	9	15	11	7	15	11	10	11	8	12	10	5	9	12	7	9	5	13	11	11	6	15	14	5	8	8	14	8	10	12	14	11	13	6	13	5	8	7	9	14	6	10	6	0	13
11	7	10	13	11	11	8	15	8	13	12	15	10	8	9	8	14	7	10	9	9	14	8	9	7	12	8	5	8	12	5	5	14	9	8	8	12	15	9	6	9	15	11	14	6	14	7	14	5	15	14	10	15	15	14	7	7	7	9	10	9	8	9	13	11	6	8	10	5	13	8	5	9	7	0
