75
1	 28	 1670	 1671	 1	 1
2	 35	 1528	 1536	 1	 1
3	 29	 938	 940	 3	 4
4	 33	 2179	 2182	 7	 7
5	 8	 1561	 1575	 9	 10
6	 32	 1999	 2011	 1	 1
7	 32	 800	 800	 6	 6
8	 17	 440	 442	 1	 7
9	 17	 841	 849	 1	 1
10	 20	 1473	 1484	 3	 6
11	 28	 1041	 1060	 2	 4
12	 13	 1712	 1725	 1	 3
13	 11	 976	 984	 3	 6
14	 16	 475	 479	 3	 5
15	 33	 2219	 2220	 1	 1
16	 28	 2077	 2092	 4	 4
17	 10	 1339	 1345	 1	 2
18	 24	 652	 658	 2	 2
19	 8	 869	 890	 2	 10
20	 32	 964	 974	 4	 4
21	 40	 2225	 2246	 3	 8
22	 23	 1004	 1011	 5	 5
23	 20	 539	 542	 5	 6
24	 15	 929	 944	 6	 9
25	 28	 451	 454	 3	 5
26	 18	 2409	 2412	 1	 1
27	 36	 1267	 1285	 4	 4
28	 27	 1664	 1676	 1	 2
29	 8	 1903	 1910	 4	 5
30	 16	 1050	 1058	 3	 7
31	 6	 2086	 2100	 2	 4
32	 9	 1744	 1763	 1	 2
33	 34	 620	 636	 5	 7
34	 7	 1618	 1630	 2	 7
35	 38	 586	 588	 5	 7
36	 22	 1516	 1523	 2	 9
37	 22	 932	 941	 2	 2
38	 25	 2188	 2206	 10	 10
39	 8	 716	 719	 2	 9
40	 24	 648	 667	 2	 8
41	 26	 1212	 1222	 3	 4
42	 16	 958	 966	 3	 4
43	 10	 1927	 1929	 8	 9
44	 11	 776	 780	 1	 2
45	 10	 1604	 1606	 4	 4
46	 31	 513	 518	 6	 9
47	 38	 2241	 2249	 9	 9
48	 18	 668	 681	 3	 3
49	 4	 1874	 1881	 2	 3
50	 27	 1920	 1931	 1	 2
51	 15	 828	 840	 1	 4
52	 24	 2016	 2020	 5	 5
53	 7	 859	 874	 4	 6
54	 17	 2114	 2114	 1	 3
55	 10	 632	 640	 3	 5
56	 30	 1154	 1167	 1	 9
57	 32	 1377	 1398	 1	 2
58	 33	 1136	 1144	 2	 2
59	 22	 2123	 2135	 8	 8
60	 15	 2068	 2078	 1	 1
61	 38	 2012	 2023	 1	 5
62	 18	 1575	 1585	 1	 3
63	 32	 1563	 1564	 3	 9
64	 34	 1460	 1461	 7	 10
65	 24	 1288	 1301	 6	 7
66	 7	 873	 873	 3	 6
67	 24	 1156	 1161	 2	 6
68	 15	 2086	 2103	 1	 4
69	 19	 2024	 2045	 1	 5
70	 17	 1624	 1640	 3	 5
71	 16	 1764	 1780	 8	 10
72	 29	 1543	 1547	 1	 9
73	 16	 2207	 2211	 4	 8
74	 14	 967	 978	 2	 6
75	 7	 1822	 1841	 1	 6
0	15	11	12	10	11	12	7	5	9	8	10	11	15	14	5	9	10	13	10	8	7	6	15	5	11	13	7	15	11	6	5	10	10	8	9	9	14	12	9	7	12	14	10	6	12	14	10	9	14	6	9	8	5	9	14	10	10	5	5	7	8	7	8	10	6	7	9	14	8	5	8	11	13	15
9	0	7	9	7	10	5	9	8	7	6	13	15	11	8	7	12	9	7	10	6	8	15	11	14	8	12	11	12	15	11	6	11	8	11	6	9	12	15	9	5	5	13	8	15	7	8	8	7	13	10	9	8	11	12	5	12	15	14	10	15	8	7	10	5	8	6	6	8	8	6	7	6	10	9
10	7	0	14	7	8	8	8	15	9	9	11	7	9	8	10	15	11	9	11	8	13	15	15	8	13	9	12	8	5	9	7	5	5	7	6	7	12	9	5	5	12	11	13	7	14	8	12	14	13	7	5	14	10	7	9	10	11	6	9	8	15	11	15	15	12	13	15	15	12	6	5	5	11	15
12	5	8	0	11	12	10	11	13	12	5	6	6	13	10	9	11	13	5	10	15	9	15	7	11	15	14	10	14	8	15	7	9	8	5	14	6	14	14	6	9	13	10	15	11	9	15	10	6	5	15	5	7	14	13	5	5	9	5	11	6	12	14	8	12	11	6	10	13	9	9	12	5	6	12
11	9	7	7	0	10	5	15	14	8	13	13	13	13	8	10	8	10	13	15	14	13	11	12	14	12	14	15	7	12	5	9	5	7	12	11	11	13	10	8	10	8	7	12	11	14	7	13	13	12	6	14	12	11	12	7	13	9	12	12	15	10	15	15	9	5	5	5	9	14	15	12	11	15	14
10	9	5	10	15	0	12	13	6	7	11	14	13	10	9	6	5	5	13	12	14	10	13	8	10	15	12	8	7	12	12	9	12	6	13	6	6	13	9	11	14	8	15	12	10	14	9	5	5	12	15	6	5	8	9	5	9	11	9	12	8	7	7	15	6	10	13	6	5	5	15	5	8	9	8
5	15	5	6	5	13	0	8	9	14	11	5	12	11	11	9	9	11	14	7	10	13	10	11	14	11	13	10	8	9	9	13	12	15	5	8	9	14	14	10	15	15	8	14	11	10	10	13	6	9	15	13	12	9	14	9	12	5	10	9	11	5	8	10	13	5	12	13	7	7	8	5	7	9	7
8	7	5	8	6	10	15	0	11	5	11	10	14	7	7	8	13	10	13	7	11	15	11	15	13	5	6	13	15	6	8	6	11	8	11	11	13	10	5	8	5	10	12	14	7	11	15	14	6	7	6	6	10	10	12	12	5	11	15	12	12	13	10	14	8	7	15	7	10	8	5	8	12	15	5
15	7	13	11	15	6	7	10	0	10	9	11	14	7	15	5	9	10	7	15	15	5	13	15	13	13	11	5	8	9	15	10	7	9	7	15	6	8	7	5	11	5	11	15	6	7	5	8	10	5	5	14	8	9	13	6	14	12	12	6	12	6	14	9	12	5	9	14	7	9	12	14	14	15	9
12	9	10	9	11	7	13	15	7	0	8	13	5	6	13	12	9	12	10	10	9	8	10	8	13	14	8	5	14	15	11	9	6	9	11	11	12	5	12	14	14	15	10	11	15	9	7	11	9	9	13	12	5	9	6	13	10	11	15	7	10	7	15	6	6	15	5	9	5	6	7	13	6	11	15
8	5	14	15	12	14	8	15	12	14	0	14	5	15	5	7	5	12	15	14	9	10	11	10	14	7	15	10	6	15	14	14	11	7	9	10	9	5	9	6	14	7	14	15	11	11	13	6	14	11	10	7	11	11	15	12	7	8	11	8	8	7	7	6	12	8	7	11	12	10	15	14	15	6	8
11	6	7	7	6	14	11	13	15	5	9	0	10	15	10	9	15	10	10	7	7	10	5	5	14	9	6	15	8	10	15	6	8	11	13	15	9	15	14	9	11	6	12	14	14	13	12	9	8	7	9	9	8	14	15	5	13	12	5	11	6	14	6	8	8	15	15	9	8	13	6	7	14	13	15
10	13	10	12	5	15	5	6	5	15	6	9	0	13	14	14	15	13	6	11	12	10	11	6	5	9	10	8	11	10	14	13	8	9	10	5	7	5	6	5	12	11	12	12	11	10	12	9	14	15	14	14	7	6	15	14	6	6	9	5	10	13	12	10	13	14	13	9	6	6	9	5	12	14	8
11	15	13	5	6	11	10	12	8	12	9	15	7	0	6	15	14	6	8	12	10	10	11	6	15	13	12	10	7	9	9	11	6	15	6	13	10	14	6	12	6	14	12	10	8	10	8	14	14	8	10	12	7	12	5	7	12	8	9	12	15	6	8	15	8	5	14	9	10	13	14	12	10	10	8
15	6	7	10	8	8	9	7	7	7	5	10	7	14	0	14	6	8	6	5	9	8	8	13	5	8	6	14	10	8	10	15	10	7	14	11	5	9	5	7	12	12	13	13	6	7	12	6	10	7	12	15	12	14	7	15	14	11	15	5	7	7	8	6	14	9	9	11	14	13	10	11	7	9	8
8	10	10	10	14	10	7	15	15	9	15	12	11	10	10	0	14	5	14	14	11	14	14	7	12	5	6	9	15	10	12	15	6	15	6	6	8	15	8	7	6	12	5	5	5	5	5	13	10	11	14	12	5	12	6	11	5	11	5	14	11	7	15	14	6	10	10	6	9	7	10	11	5	9	14
7	11	6	6	9	9	11	8	10	12	10	5	9	5	10	5	0	12	8	14	10	5	5	14	11	11	10	10	7	14	8	7	11	13	7	11	12	6	5	9	11	6	15	14	14	5	5	6	9	10	15	14	5	15	5	8	6	13	12	6	6	6	12	14	15	6	15	15	5	8	5	7	15	14	11
5	6	12	12	9	6	8	12	7	12	7	14	12	14	12	9	10	0	8	13	6	12	9	10	13	9	11	5	10	12	11	11	12	5	10	6	14	11	13	15	5	9	5	9	12	7	11	14	8	7	5	6	10	7	7	5	6	9	13	10	13	11	5	14	14	15	5	7	7	11	6	13	8	12	12
10	6	5	6	7	11	10	7	10	6	7	10	7	9	9	13	9	13	0	8	15	6	11	7	7	6	12	9	6	13	9	11	11	7	6	5	6	8	6	12	5	15	15	6	10	7	8	10	12	14	8	5	11	12	5	5	8	15	10	5	9	6	12	8	13	7	15	5	6	8	5	6	13	14	14
7	14	13	10	6	14	6	15	11	8	9	6	8	8	5	14	5	14	13	0	9	15	10	7	15	7	9	9	12	6	12	9	14	8	9	12	14	15	12	9	14	8	8	14	5	13	9	6	6	11	6	5	13	12	13	12	13	11	5	13	10	14	14	13	8	8	14	5	13	7	7	13	8	15	6
14	11	13	7	8	11	6	8	5	5	8	5	11	10	11	12	6	14	15	13	0	13	9	7	8	9	6	14	10	5	10	5	8	5	10	6	9	6	15	9	11	7	15	14	15	8	12	9	8	14	6	12	10	13	9	5	13	6	6	14	15	13	13	5	13	14	12	15	8	11	8	5	11	7	7
12	12	7	15	9	5	7	5	13	10	13	5	5	15	10	8	12	7	13	12	15	0	10	11	5	9	12	14	9	5	7	11	15	13	5	6	9	5	6	5	13	8	9	14	7	5	7	10	12	9	15	9	5	15	10	9	14	7	5	7	10	11	8	8	13	9	11	13	11	8	8	15	11	9	8
5	7	10	15	8	14	5	11	7	6	5	9	5	9	14	6	12	6	7	15	7	7	0	5	6	6	7	9	11	14	12	8	9	13	12	10	15	8	14	15	13	6	7	15	14	15	5	12	9	7	11	8	6	6	5	8	13	13	9	7	10	5	10	7	11	6	14	15	9	13	9	11	14	9	15
5	9	8	15	5	14	6	11	15	7	8	15	12	15	11	13	11	10	7	12	6	5	11	0	5	9	13	9	14	9	13	14	10	10	7	6	7	13	11	13	11	11	6	12	10	11	13	12	10	13	14	12	14	11	7	14	7	9	15	6	9	11	7	11	8	5	6	12	5	15	10	5	11	15	7
15	5	15	8	15	15	12	13	6	5	7	6	6	9	8	11	10	13	6	7	11	13	9	10	0	10	11	7	5	14	14	13	12	14	12	7	13	7	13	14	8	9	9	13	6	15	8	13	11	5	9	9	10	15	12	12	5	10	5	11	7	7	11	12	8	10	11	14	15	9	13	12	5	11	5
5	5	9	15	10	6	12	10	14	13	6	13	12	9	8	14	11	8	11	5	5	15	12	12	15	0	15	13	15	8	14	11	8	14	6	7	14	8	6	9	6	13	11	9	10	14	5	14	10	14	15	15	13	13	5	6	11	12	6	14	14	15	5	6	15	12	12	9	8	14	5	10	14	5	5
13	14	15	8	5	8	10	11	10	7	14	12	8	8	7	11	11	12	14	10	11	6	10	13	7	10	0	14	8	9	5	13	5	10	9	7	11	13	12	12	14	5	10	6	15	14	12	15	11	9	15	6	9	14	8	6	5	13	15	10	12	15	14	13	12	13	11	10	5	11	13	9	5	9	10
14	15	9	9	15	10	6	5	10	15	12	6	12	5	9	6	11	9	8	6	11	10	15	8	11	14	9	0	7	7	11	6	13	9	9	12	8	13	9	13	14	10	13	15	7	7	10	13	9	14	15	15	5	11	10	14	9	5	9	14	13	15	11	7	7	10	13	14	15	9	14	6	14	9	7
10	5	5	15	5	11	9	5	12	6	13	5	15	10	13	15	11	10	5	7	14	9	14	9	7	14	6	14	0	15	9	14	13	7	15	8	9	12	11	10	10	5	13	12	13	6	8	13	14	6	8	5	15	15	7	5	14	6	11	13	5	14	8	9	11	14	14	10	12	10	9	11	11	11	5
5	5	14	7	7	6	8	5	12	10	5	11	10	6	5	14	12	14	10	11	9	12	7	12	14	9	12	14	13	0	8	8	11	13	15	6	12	11	7	8	11	5	11	5	5	5	13	14	11	15	12	8	8	15	5	14	12	8	8	7	15	10	8	13	13	12	11	6	15	11	11	6	5	14	5
5	15	13	11	8	7	13	6	6	8	15	11	11	6	13	7	6	8	11	7	12	14	14	7	7	7	7	10	5	13	0	10	7	9	9	6	10	8	15	9	13	12	12	11	12	5	12	12	7	9	9	8	8	14	13	14	6	5	14	8	7	15	5	10	10	10	5	14	12	7	15	7	10	5	11
12	15	10	7	11	8	7	6	8	12	12	9	7	8	7	11	15	13	7	14	8	13	12	13	9	9	9	8	6	10	9	0	11	12	15	6	11	14	13	14	5	9	5	10	12	12	6	9	5	7	7	15	13	9	6	10	11	10	15	10	6	15	8	12	9	15	15	11	12	5	14	8	15	13	11
12	6	6	5	11	13	7	10	14	8	14	15	7	6	15	15	15	6	13	8	6	15	11	15	10	12	10	9	13	6	5	14	0	5	5	6	7	15	15	5	9	14	14	13	13	5	13	8	5	7	14	12	7	8	5	5	12	13	6	11	15	12	5	15	15	10	6	8	8	5	5	8	15	6	10
11	7	10	13	12	6	10	8	11	10	13	11	9	15	5	15	6	13	10	7	6	7	5	13	10	13	12	8	15	10	7	11	11	0	8	7	10	11	7	7	15	10	10	7	12	7	14	6	14	5	13	13	8	7	7	5	8	12	13	5	5	7	6	14	11	8	14	8	7	13	9	10	14	11	14
11	15	8	8	8	6	14	12	13	8	7	11	7	8	5	9	6	5	15	15	11	8	9	9	13	8	14	15	13	11	9	8	5	10	0	7	6	13	12	13	5	15	5	14	11	15	11	7	10	10	15	14	14	6	13	9	7	10	7	5	15	5	5	10	12	13	5	11	8	10	10	9	12	9	14
15	13	6	8	11	10	14	15	8	10	15	15	7	6	5	5	9	9	9	5	15	9	7	6	10	8	14	14	15	6	9	10	10	10	8	0	11	9	7	6	12	14	11	14	11	6	9	10	10	8	5	14	9	13	14	14	9	7	9	13	8	6	14	14	14	5	15	12	10	5	12	6	9	9	8
5	6	6	10	11	10	11	14	11	13	15	11	5	8	14	7	11	5	6	14	13	12	7	6	14	13	6	15	6	6	13	6	8	12	11	11	0	15	15	14	11	13	15	7	5	14	13	12	6	5	11	9	8	11	15	7	11	13	15	15	12	13	15	13	6	15	12	5	12	15	9	12	7	12	10
9	14	8	7	9	5	7	9	6	6	8	13	14	8	6	9	5	14	12	15	12	6	5	5	5	14	11	10	7	9	9	6	12	10	11	7	11	0	10	9	11	7	14	10	5	5	9	11	13	8	5	6	13	15	15	10	9	5	15	10	9	11	8	13	8	14	15	8	11	14	6	5	7	6	6
9	6	6	10	14	8	14	14	6	15	7	13	8	6	8	9	8	6	14	11	10	9	8	12	7	6	15	6	8	8	12	5	12	14	9	6	9	14	0	5	12	12	6	14	9	14	12	7	14	15	9	12	12	5	10	6	12	7	10	15	6	14	9	5	5	7	9	8	6	7	5	14	12	12	9
9	11	6	5	13	7	8	6	5	13	7	10	11	15	10	14	13	8	14	8	15	6	13	12	5	13	8	15	12	10	5	9	5	9	7	6	14	15	12	0	7	12	9	5	5	7	10	11	8	5	8	13	9	6	15	14	9	13	11	12	10	10	8	10	7	14	9	5	13	11	15	12	15	6	8
7	11	7	10	5	15	8	10	11	13	6	6	9	13	6	12	13	7	9	7	6	9	15	14	11	9	14	8	10	15	13	6	12	10	11	15	10	10	15	5	0	11	11	11	12	8	11	13	15	5	5	14	12	10	8	7	11	11	5	11	11	6	12	8	9	7	7	10	9	11	9	8	5	8	7
5	9	8	12	5	9	13	10	13	9	6	7	9	12	7	6	10	14	8	11	14	15	5	10	10	5	6	15	8	15	14	15	13	13	12	14	11	15	5	15	14	0	9	14	15	14	7	14	9	9	13	8	11	8	11	12	9	12	6	8	8	6	14	11	6	7	10	5	5	5	14	6	6	9	6
13	8	11	14	14	15	15	10	5	9	14	7	10	5	8	10	8	15	5	10	14	15	6	15	13	8	15	14	12	6	7	10	12	13	14	15	15	6	8	12	15	13	0	7	14	10	11	10	7	15	9	8	5	8	13	9	10	14	7	7	11	13	6	12	13	8	14	9	10	5	9	14	11	8	15
13	13	8	8	7	6	15	7	12	15	12	10	15	9	5	7	5	6	7	8	15	13	5	12	15	11	12	15	6	12	7	13	6	10	10	14	5	14	6	6	12	10	5	0	10	8	5	7	11	10	14	14	10	10	12	11	10	5	14	11	8	9	12	9	7	11	6	7	10	13	15	8	13	15	9
7	7	13	15	12	5	10	15	6	6	8	15	9	9	11	14	7	13	11	11	11	7	12	13	9	15	8	8	7	15	13	9	10	6	6	13	12	14	14	9	13	6	7	7	0	9	5	11	9	9	13	15	11	15	15	10	12	15	8	7	13	6	10	14	13	9	7	5	13	8	13	13	5	7	7
15	8	8	5	14	14	15	10	7	7	7	8	8	13	8	9	9	12	9	6	14	5	12	15	10	13	9	9	7	5	6	12	8	10	14	12	7	6	7	15	15	12	15	8	15	0	14	15	9	13	13	9	6	11	7	12	10	9	9	6	14	10	13	13	7	9	15	14	7	14	8	12	12	11	5
10	8	7	8	7	14	9	13	15	10	8	9	11	9	8	7	5	7	10	15	11	12	8	13	9	5	12	7	7	8	6	10	13	11	6	13	14	13	11	8	6	7	7	6	10	7	0	12	12	9	15	13	13	7	13	9	9	5	14	7	15	7	5	10	5	10	14	8	9	9	10	6	11	13	10
15	5	6	8	14	10	12	13	8	12	10	5	15	8	5	6	9	12	5	7	9	12	5	7	5	8	13	7	13	9	7	5	12	10	12	10	10	11	11	12	14	10	5	11	14	9	5	0	8	6	11	7	8	6	8	15	7	9	12	14	12	13	13	12	9	15	12	10	7	14	6	11	12	5	13
10	11	12	11	12	8	14	9	7	15	5	8	15	8	9	12	8	11	14	5	10	14	6	11	9	12	14	12	8	6	14	6	15	10	6	8	12	15	12	5	11	11	9	12	5	10	12	10	0	9	9	14	9	8	10	14	5	13	12	15	9	12	7	12	9	8	14	10	9	14	12	12	8	6	9
15	14	12	9	7	13	14	7	13	6	15	7	10	11	9	12	13	13	15	7	11	5	9	8	11	6	13	7	9	14	14	7	13	6	6	10	8	12	6	9	7	10	15	8	11	12	10	6	11	0	12	9	5	12	6	7	7	7	11	13	7	5	5	11	6	9	14	10	12	5	6	5	8	9	14
7	5	9	8	14	6	5	11	7	14	14	14	9	14	15	6	6	14	9	8	7	10	10	9	11	6	5	7	13	8	10	15	10	11	10	13	13	10	6	10	15	7	9	14	14	12	9	9	5	15	0	13	7	9	5	5	14	8	6	8	6	15	11	13	6	12	14	11	15	14	15	10	8	7	10
15	5	13	5	11	15	5	14	10	13	5	10	10	6	6	11	8	7	6	8	6	13	14	7	13	12	6	7	10	5	15	6	10	9	8	15	15	5	8	7	12	7	14	11	15	11	12	12	6	5	8	0	13	15	7	10	5	11	9	9	14	7	5	8	13	11	12	7	12	6	7	13	9	8	9
11	12	12	9	10	13	15	7	10	10	5	6	15	13	11	15	15	10	6	9	15	15	11	14	15	7	14	10	7	8	5	15	6	13	6	9	10	11	10	13	6	7	15	6	15	13	8	12	9	5	9	9	0	10	12	5	9	14	8	6	12	13	8	14	12	13	11	10	11	9	11	9	15	5	6
8	11	13	8	10	6	13	10	10	10	6	7	13	10	10	12	14	5	8	12	14	11	7	9	9	6	15	5	15	9	14	7	7	14	13	14	5	12	8	11	15	7	8	14	15	8	11	13	6	6	11	10	7	0	10	10	15	5	9	8	10	5	7	7	7	6	8	12	5	8	6	11	12	15	13
9	14	13	15	14	9	13	9	11	7	6	9	13	12	11	11	12	8	9	7	14	13	5	14	12	11	8	15	5	10	11	9	13	6	15	11	8	14	14	10	15	13	10	11	12	11	11	12	13	8	14	9	13	5	0	8	13	7	5	14	9	10	14	6	8	12	11	7	13	10	15	15	14	15	11
15	8	5	9	13	11	11	14	5	7	14	6	5	10	13	15	8	12	14	11	14	12	13	14	5	6	9	5	11	10	9	13	11	12	6	10	9	6	10	13	5	5	5	6	7	6	8	5	12	11	7	8	13	9	5	0	5	10	8	11	13	13	13	8	7	9	11	9	12	13	14	5	13	5	10
14	10	12	9	13	14	13	14	5	14	9	8	6	11	15	13	11	10	8	9	8	8	13	15	12	8	15	15	13	8	10	11	10	5	15	15	7	5	7	14	5	13	15	7	14	5	9	7	9	8	9	12	14	14	5	5	0	13	12	5	11	7	13	13	12	13	6	6	9	11	6	7	7	11	7
8	10	12	6	15	14	7	6	11	8	7	13	6	15	14	11	6	9	13	10	7	9	7	12	8	12	14	14	12	6	14	15	8	11	6	11	6	7	6	6	8	12	14	10	9	14	7	7	9	12	15	8	15	11	8	8	12	0	6	5	14	7	6	15	14	14	15	10	13	10	9	7	8	6	8
12	15	10	13	11	7	11	13	10	5	14	13	11	7	11	6	11	8	5	7	7	11	5	14	11	12	13	14	7	12	11	7	15	12	12	8	12	11	6	11	5	6	14	13	13	12	7	10	9	8	7	12	14	10	14	13	6	11	0	5	8	10	5	5	7	9	7	6	7	12	12	12	12	12	12
6	6	13	6	15	5	6	6	10	10	14	14	9	7	14	5	7	13	9	13	14	12	12	14	7	7	15	6	11	14	7	11	7	6	15	6	8	11	12	7	9	13	12	12	12	13	14	15	15	10	7	8	8	11	14	5	5	5	10	0	12	13	7	12	7	10	12	9	11	5	15	13	14	10	13
13	14	7	5	11	11	5	10	14	11	12	8	12	10	5	8	8	14	6	10	8	10	6	5	11	11	7	10	9	10	14	11	13	6	13	6	13	5	11	11	7	11	10	7	6	9	6	7	5	11	12	7	5	10	6	8	12	12	9	6	0	14	7	15	7	11	10	7	9	13	9	11	8	10	9
11	8	6	6	15	15	13	12	6	11	14	5	15	10	14	12	15	13	6	5	15	8	13	15	15	7	15	14	12	14	11	8	5	8	8	8	13	13	7	7	14	10	5	9	5	14	12	5	7	6	13	6	14	13	5	10	14	6	7	13	12	0	8	13	9	6	11	15	9	12	5	5	5	6	15
15	15	11	7	15	8	11	6	11	12	14	14	9	10	13	13	15	10	14	6	9	6	13	15	12	13	9	9	10	13	6	7	12	8	9	8	12	14	9	7	9	10	15	15	9	5	13	10	12	10	12	9	8	11	6	5	8	6	13	9	15	10	0	5	15	6	5	8	7	13	15	6	6	12	9
6	5	12	14	5	6	8	6	14	7	14	7	5	15	6	12	7	6	5	11	5	7	13	7	15	8	12	15	8	10	6	11	6	10	7	15	8	6	15	13	7	14	6	13	14	13	14	5	9	13	9	15	12	15	14	11	5	8	15	15	15	6	14	0	14	15	11	7	15	7	14	7	8	9	8
5	15	7	10	8	8	6	7	7	15	9	11	11	9	9	14	13	12	8	12	15	9	15	8	12	7	10	13	6	5	14	15	7	6	15	13	9	10	10	5	11	8	9	8	6	5	11	12	11	5	9	6	12	13	5	15	9	15	7	12	6	10	5	13	0	9	6	12	6	13	8	9	11	14	11
10	11	5	7	8	8	10	12	10	15	8	6	14	8	12	14	15	13	10	8	6	14	10	11	13	14	12	9	9	6	11	7	11	10	9	12	12	6	6	5	8	15	7	10	7	13	9	5	9	9	11	15	7	12	11	14	10	10	7	13	7	14	9	7	13	0	10	6	9	15	11	9	10	14	14
8	14	8	11	11	6	12	14	12	7	11	15	10	5	10	6	9	14	10	11	11	14	13	12	6	15	12	14	15	8	12	12	5	13	6	11	13	9	5	13	7	5	11	9	6	12	10	13	6	14	12	10	10	15	5	8	8	14	5	14	5	6	11	11	12	13	0	6	14	7	15	13	13	9	5
14	15	8	5	15	15	6	6	7	8	10	11	14	12	6	7	15	10	5	9	13	15	6	12	13	8	10	12	9	10	6	14	7	6	14	11	15	8	14	8	10	14	8	15	5	8	14	15	6	14	7	8	8	9	10	7	9	15	15	12	9	7	11	7	9	5	15	0	7	15	12	5	11	14	10
7	10	12	6	5	15	8	9	7	15	6	14	9	10	13	6	7	10	7	15	15	12	9	6	11	6	8	10	9	9	10	11	14	6	7	9	6	10	5	7	6	13	15	11	14	9	14	8	12	10	13	12	10	5	6	10	5	5	11	7	9	9	5	8	7	13	15	10	0	11	13	7	12	11	11
9	10	14	14	15	7	8	14	10	8	5	7	13	7	13	15	15	7	13	6	15	9	10	11	11	12	12	15	5	6	13	8	5	14	7	7	15	6	6	5	9	13	13	5	11	10	13	15	8	8	15	8	15	12	8	12	7	12	9	11	9	15	9	7	8	13	9	13	10	0	15	12	6	12	5
6	5	8	15	5	13	7	9	12	5	7	7	10	8	9	12	14	14	7	15	5	9	12	6	12	15	15	5	15	15	14	8	7	12	12	6	8	13	8	15	9	12	8	14	14	5	13	8	6	15	10	12	8	13	11	9	8	8	6	13	10	11	5	7	8	8	6	9	11	9	0	14	14	7	15
9	10	15	8	7	15	13	12	7	6	10	11	5	5	13	8	10	13	6	9	10	12	6	14	12	10	13	6	9	11	11	8	7	12	14	10	12	7	11	9	5	10	11	11	7	13	5	11	12	7	11	10	6	12	12	15	7	8	14	9	7	12	6	8	5	11	7	14	10	14	15	0	5	6	14
15	6	6	12	5	6	12	15	6	14	13	12	11	7	6	9	7	9	15	7	6	9	6	8	6	8	5	7	10	5	7	5	7	6	11	7	11	7	13	14	5	5	15	10	5	15	9	14	10	14	13	13	13	6	11	8	9	6	9	11	14	12	15	11	14	9	11	6	7	15	15	5	0	11	9
12	8	5	13	13	12	14	12	7	7	15	8	8	9	13	9	14	10	15	5	14	8	12	8	8	5	7	8	15	10	14	7	15	9	14	8	10	11	12	7	6	7	14	7	6	9	8	6	15	12	8	5	5	14	6	5	7	15	14	12	12	9	5	14	13	10	6	5	5	12	12	10	9	0	15
6	11	15	13	11	8	7	10	8	7	5	13	12	6	13	7	9	12	5	13	8	12	11	10	9	9	14	7	13	8	6	7	8	5	5	12	7	13	9	5	11	7	5	6	8	9	8	6	6	11	9	9	8	8	10	13	12	8	8	15	6	10	11	15	14	15	8	5	10	9	13	6	13	14	0
